>> seq 0
11, 12, 8, 14, 7, 3, 6, 0, 12, 4, 4, 2, 4, 6, 6, 7, 15, 1, 8, 2, 1, 0, 11, 2, 6, 7, 14, 7, 4, 7, 9, 14, 6, 2, 4, 11, 7, 15, 11, 0, 5, 10, 10, 13, 8, 8, 11, 15, 8, 12, 11, 5, 7, 0, 8, 0, 3, 8, 10, 3, 4, 11, 14, 8, 5, 15, 4, 8, 1, 8, 15, 9, 8, 14, 3, 7, 3, 2, 15, 6, 4, 3, 7, 1, 1, 15, 11, 11, 3, 2, 6, 11, 5, 12, 0, 6, 2, 5, 13, 10, 1, 6, 9, 13, 5, 13, 3, 11, 4, 3, 13, 1, 1, 11, 8, 13, 4, 14, 6, 14, 15, 14, 10, 12, 4, 15, 8, 7, 
>> seq 1
11, 12, 8, 14, 7, 3, 6, 0, 12, 4, 4, 2, 4, 6, 6, 7, 15, 1, 8, 2, 1, 0, 11, 2, 6, 7, 14, 7, 4, 7, 9, 14, 6, 2, 4, 11, 7, 15, 11, 0, 5, 10, 10, 13, 8, 8, 11, 15, 8, 12, 11, 5, 7, 0, 8, 0, 3, 8, 10, 3, 4, 11, 14, 8, 5, 15, 4, 8, 1, 8, 15, 9, 8, 14, 3, 7, 3, 2, 15, 6, 4, 3, 7, 1, 1, 15, 11, 11, 3, 2, 6, 11, 5, 12, 0, 6, 2, 5, 13, 10, 1, 6, 9, 13, 5, 13, 3, 11, 4, 3, 13, 1, 1, 11, 8, 13, 4, 14, 6, 14, 15, 14, 10, 12, 4, 15, 8, 7, 
>> seq 2
11, 12, 8, 14, 7, 3, 6, 0, 12, 4, 4, 2, 4, 6, 6, 7, 15, 1, 8, 2, 1, 0, 11, 2, 6, 7, 14, 7, 4, 7, 9, 14, 6, 2, 4, 11, 7, 15, 11, 0, 5, 10, 10, 13, 8, 8, 11, 15, 8, 12, 11, 5, 7, 0, 8, 0, 3, 8, 10, 3, 4, 11, 14, 8, 5, 15, 4, 8, 1, 8, 15, 9, 8, 14, 3, 7, 3, 2, 15, 6, 4, 3, 7, 1, 1, 15, 11, 11, 3, 2, 6, 11, 5, 12, 0, 6, 2, 5, 13, 10, 1, 6, 9, 13, 5, 13, 3, 11, 4, 3, 13, 1, 1, 11, 8, 13, 4, 14, 6, 14, 15, 14, 10, 12, 4, 15, 8, 7, 
>> seq 3
11, 12, 8, 14, 7, 3, 6, 0, 12, 4, 4, 2, 4, 6, 6, 7, 15, 1, 8, 2, 1, 0, 11, 2, 6, 7, 14, 7, 4, 7, 9, 14, 6, 2, 4, 11, 7, 15, 11, 0, 5, 10, 10, 13, 8, 8, 11, 15, 8, 12, 11, 5, 7, 0, 8, 0, 3, 8, 10, 3, 4, 11, 14, 8, 5, 15, 4, 8, 1, 8, 15, 9, 8, 14, 3, 7, 3, 2, 15, 6, 4, 3, 7, 1, 1, 15, 11, 11, 3, 2, 6, 11, 5, 12, 0, 6, 2, 5, 13, 10, 1, 6, 9, 13, 5, 13, 3, 11, 4, 3, 13, 1, 1, 11, 8, 13, 4, 14, 6, 14, 15, 14, 10, 12, 4, 15, 8, 7, 
>> seq 4
11, 12, 8, 14, 7, 3, 6, 0, 12, 4, 4, 2, 4, 6, 6, 7, 15, 1, 8, 2, 1, 0, 11, 2, 6, 7, 14, 7, 4, 7, 9, 14, 6, 2, 4, 11, 7, 15, 11, 0, 5, 10, 10, 13, 8, 8, 11, 15, 8, 12, 11, 5, 7, 0, 8, 0, 3, 8, 10, 3, 4, 11, 14, 8, 5, 15, 4, 8, 1, 8, 15, 9, 8, 14, 3, 7, 3, 2, 15, 6, 4, 3, 7, 1, 1, 15, 11, 11, 3, 2, 6, 11, 5, 12, 0, 6, 2, 5, 13, 10, 1, 6, 9, 13, 5, 13, 3, 11, 4, 3, 13, 1, 1, 11, 8, 13, 4, 14, 6, 14, 15, 14, 10, 12, 4, 15, 8, 7, 
>> seq 5
11, 12, 8, 14, 7, 3, 6, 0, 12, 4, 4, 2, 4, 6, 6, 7, 15, 1, 8, 2, 1, 0, 11, 2, 6, 7, 14, 7, 4, 7, 9, 14, 6, 2, 4, 11, 7, 15, 11, 0, 5, 10, 10, 13, 8, 8, 11, 15, 8, 12, 11, 5, 7, 0, 8, 0, 3, 8, 10, 3, 4, 11, 14, 8, 5, 15, 4, 8, 1, 8, 15, 9, 8, 14, 3, 7, 3, 2, 15, 6, 4, 3, 7, 1, 1, 15, 11, 11, 3, 2, 6, 11, 5, 12, 0, 6, 2, 5, 13, 10, 1, 6, 9, 13, 5, 13, 3, 11, 4, 3, 13, 1, 1, 11, 8, 13, 4, 14, 6, 14, 15, 14, 10, 12, 4, 15, 8, 7, 
>> seq 6
11, 12, 8, 14, 7, 3, 6, 0, 12, 4, 4, 2, 4, 6, 6, 7, 15, 1, 8, 2, 1, 0, 11, 2, 6, 7, 14, 7, 4, 7, 9, 14, 6, 2, 4, 11, 7, 15, 11, 0, 5, 10, 10, 13, 8, 8, 11, 15, 8, 12, 11, 5, 7, 0, 8, 0, 3, 8, 10, 3, 4, 11, 14, 8, 5, 15, 4, 8, 1, 8, 15, 9, 8, 14, 3, 7, 3, 2, 15, 6, 4, 3, 7, 1, 1, 15, 11, 11, 3, 2, 6, 11, 5, 12, 0, 6, 2, 5, 13, 10, 1, 6, 9, 13, 5, 13, 3, 11, 4, 3, 13, 1, 1, 11, 8, 13, 4, 14, 6, 14, 15, 14, 10, 12, 4, 15, 8, 7, 
>> seq 7
11, 12, 8, 14, 7, 3, 6, 0, 12, 4, 4, 2, 4, 6, 6, 7, 15, 1, 8, 2, 1, 0, 11, 2, 6, 7, 14, 7, 4, 7, 9, 14, 6, 2, 4, 11, 7, 15, 11, 0, 5, 10, 10, 13, 8, 8, 11, 15, 8, 12, 11, 5, 7, 0, 8, 0, 3, 8, 10, 3, 4, 11, 14, 8, 5, 15, 4, 8, 1, 8, 15, 9, 8, 14, 3, 7, 3, 2, 15, 6, 4, 3, 7, 1, 1, 15, 11, 11, 3, 2, 6, 11, 5, 12, 0, 6, 2, 5, 13, 10, 1, 6, 9, 13, 5, 13, 3, 11, 4, 3, 13, 1, 1, 11, 8, 13, 4, 14, 6, 14, 15, 14, 10, 12, 4, 15, 8, 7, 
>> seq 8
11, 12, 8, 14, 7, 3, 6, 0, 12, 4, 4, 2, 4, 6, 6, 7, 15, 1, 8, 2, 1, 0, 11, 2, 6, 7, 14, 7, 4, 7, 9, 14, 6, 2, 4, 11, 7, 15, 11, 0, 5, 10, 10, 13, 8, 8, 11, 15, 8, 12, 11, 5, 7, 0, 8, 0, 3, 8, 10, 3, 4, 11, 14, 8, 5, 15, 4, 8, 1, 8, 15, 9, 8, 14, 3, 7, 3, 2, 15, 6, 4, 3, 7, 1, 1, 15, 11, 11, 3, 2, 6, 11, 5, 12, 0, 6, 2, 5, 13, 10, 1, 6, 9, 13, 5, 13, 3, 11, 4, 3, 13, 1, 1, 11, 8, 13, 4, 14, 6, 14, 15, 14, 10, 12, 4, 15, 8, 7, 
>> seq 9
11, 12, 8, 14, 7, 3, 6, 0, 12, 4, 4, 2, 4, 6, 6, 7, 15, 1, 8, 2, 1, 0, 11, 2, 6, 7, 14, 7, 4, 7, 9, 14, 6, 2, 4, 11, 7, 15, 11, 0, 5, 10, 10, 13, 8, 8, 11, 15, 8, 12, 11, 5, 7, 0, 8, 0, 3, 8, 10, 3, 4, 11, 14, 8, 5, 15, 4, 8, 1, 8, 15, 9, 8, 14, 3, 7, 3, 2, 15, 6, 4, 3, 7, 1, 1, 15, 11, 11, 3, 2, 6, 11, 5, 12, 0, 6, 2, 5, 13, 10, 1, 6, 9, 13, 5, 13, 3, 11, 4, 3, 13, 1, 1, 11, 8, 13, 4, 14, 6, 14, 15, 14, 10, 12, 4, 15, 8, 7, 
>> seq 10
11, 12, 8, 14, 7, 3, 6, 0, 12, 4, 4, 2, 4, 6, 6, 7, 15, 1, 8, 2, 1, 0, 11, 2, 6, 7, 14, 7, 4, 7, 9, 14, 6, 2, 4, 11, 7, 15, 11, 0, 5, 10, 10, 13, 8, 8, 11, 15, 8, 12, 11, 5, 7, 0, 8, 0, 3, 8, 10, 3, 4, 11, 14, 8, 5, 15, 4, 8, 1, 8, 15, 9, 8, 14, 3, 7, 3, 2, 15, 6, 4, 3, 7, 1, 1, 15, 11, 11, 3, 2, 6, 11, 5, 12, 0, 6, 2, 5, 13, 10, 1, 6, 9, 13, 5, 13, 3, 11, 4, 3, 13, 1, 1, 11, 8, 13, 4, 14, 6, 14, 15, 14, 10, 12, 4, 15, 8, 7, 
>> seq 11
11, 12, 8, 14, 7, 3, 6, 0, 12, 4, 4, 2, 4, 6, 6, 7, 15, 1, 8, 2, 1, 0, 11, 2, 6, 7, 14, 7, 4, 7, 9, 14, 6, 2, 4, 11, 7, 15, 11, 0, 5, 10, 10, 13, 8, 8, 11, 15, 8, 12, 11, 5, 7, 0, 8, 0, 3, 8, 10, 3, 4, 11, 14, 8, 5, 15, 4, 8, 1, 8, 15, 9, 8, 14, 3, 7, 3, 2, 15, 6, 4, 3, 7, 1, 1, 15, 11, 11, 3, 2, 6, 11, 5, 12, 0, 6, 2, 5, 13, 10, 1, 6, 9, 13, 5, 13, 3, 11, 4, 3, 13, 1, 1, 11, 8, 13, 4, 14, 6, 14, 15, 14, 10, 12, 4, 15, 8, 7, 
>> seq 12
11, 12, 8, 14, 7, 3, 6, 0, 12, 4, 4, 2, 4, 6, 6, 7, 15, 1, 8, 2, 1, 0, 11, 2, 6, 7, 14, 7, 4, 7, 9, 14, 6, 2, 4, 11, 7, 15, 11, 0, 5, 10, 10, 13, 8, 8, 11, 15, 8, 12, 11, 5, 7, 0, 8, 0, 3, 8, 10, 3, 4, 11, 14, 8, 5, 15, 4, 8, 1, 8, 15, 9, 8, 14, 3, 7, 3, 2, 15, 6, 4, 3, 7, 1, 1, 15, 11, 11, 3, 2, 6, 11, 5, 12, 0, 6, 2, 5, 13, 10, 1, 6, 9, 13, 5, 13, 3, 11, 4, 3, 13, 1, 1, 11, 8, 13, 4, 14, 6, 14, 15, 14, 10, 12, 4, 15, 8, 7, 
>> seq 13
11, 12, 8, 14, 7, 3, 6, 0, 12, 4, 4, 2, 4, 6, 6, 7, 15, 1, 8, 2, 1, 0, 11, 2, 6, 7, 14, 7, 4, 7, 9, 14, 6, 2, 4, 11, 7, 15, 11, 0, 5, 10, 10, 13, 8, 8, 11, 15, 8, 12, 11, 5, 7, 0, 8, 0, 3, 8, 10, 3, 4, 11, 14, 8, 5, 15, 4, 8, 1, 8, 15, 9, 8, 14, 3, 7, 3, 2, 15, 6, 4, 3, 7, 1, 1, 15, 11, 11, 3, 2, 6, 11, 5, 12, 0, 6, 2, 5, 13, 10, 1, 6, 9, 13, 5, 13, 3, 11, 4, 3, 13, 1, 1, 11, 8, 13, 4, 14, 6, 14, 15, 14, 10, 12, 4, 15, 8, 7, 
>> seq 14
11, 12, 8, 14, 7, 3, 6, 0, 12, 4, 4, 2, 4, 6, 6, 7, 15, 1, 8, 2, 1, 0, 11, 2, 6, 7, 14, 7, 4, 7, 9, 14, 6, 2, 4, 11, 7, 15, 11, 0, 5, 10, 10, 13, 8, 8, 11, 15, 8, 12, 11, 5, 7, 0, 8, 0, 3, 8, 10, 3, 4, 11, 14, 8, 5, 15, 4, 8, 1, 8, 15, 9, 8, 14, 3, 7, 3, 2, 15, 6, 4, 3, 7, 1, 1, 15, 11, 11, 3, 2, 6, 11, 5, 12, 0, 6, 2, 5, 13, 10, 1, 6, 9, 13, 5, 13, 3, 11, 4, 3, 13, 1, 1, 11, 8, 13, 4, 14, 6, 14, 15, 14, 10, 12, 4, 15, 8, 7, 
>> seq 15
11, 12, 8, 14, 7, 3, 6, 0, 12, 4, 4, 2, 4, 6, 6, 7, 15, 1, 8, 2, 1, 0, 11, 2, 6, 7, 14, 7, 4, 7, 9, 14, 6, 2, 4, 11, 7, 15, 11, 0, 5, 10, 10, 13, 8, 8, 11, 15, 8, 12, 11, 5, 7, 0, 8, 0, 3, 8, 10, 3, 4, 11, 14, 8, 5, 15, 4, 8, 1, 8, 15, 9, 8, 14, 3, 7, 3, 2, 15, 6, 4, 3, 7, 1, 1, 15, 11, 11, 3, 2, 6, 11, 5, 12, 0, 6, 2, 5, 13, 10, 1, 6, 9, 13, 5, 13, 3, 11, 4, 3, 13, 1, 1, 11, 8, 13, 4, 14, 6, 14, 15, 14, 10, 12, 4, 15, 8, 7, 
>> seq 16
11, 12, 8, 14, 7, 3, 6, 0, 12, 4, 4, 2, 4, 6, 6, 7, 15, 1, 8, 2, 1, 0, 11, 2, 6, 7, 14, 7, 4, 7, 9, 14, 6, 2, 4, 11, 7, 15, 11, 0, 5, 10, 10, 13, 8, 8, 11, 15, 8, 12, 11, 5, 7, 0, 8, 0, 3, 8, 10, 3, 4, 11, 14, 8, 5, 15, 4, 8, 1, 8, 15, 9, 8, 14, 3, 7, 3, 2, 15, 6, 4, 3, 7, 1, 1, 15, 11, 11, 3, 2, 6, 11, 5, 12, 0, 6, 2, 5, 13, 10, 1, 6, 9, 13, 5, 13, 3, 11, 4, 3, 13, 1, 1, 11, 8, 13, 4, 14, 6, 14, 15, 14, 10, 12, 4, 15, 8, 7, 
>> seq 17
11, 12, 8, 14, 7, 3, 6, 0, 12, 4, 4, 2, 4, 6, 6, 7, 15, 1, 8, 2, 1, 0, 11, 2, 6, 7, 14, 7, 4, 7, 9, 14, 6, 2, 4, 11, 7, 15, 11, 0, 5, 10, 10, 13, 8, 8, 11, 15, 8, 12, 11, 5, 7, 0, 8, 0, 3, 8, 10, 3, 4, 11, 14, 8, 5, 15, 4, 8, 1, 8, 15, 9, 8, 14, 3, 7, 3, 2, 15, 6, 4, 3, 7, 1, 1, 15, 11, 11, 3, 2, 6, 11, 5, 12, 0, 6, 2, 5, 13, 10, 1, 6, 9, 13, 5, 13, 3, 11, 4, 3, 13, 1, 1, 11, 8, 13, 4, 14, 6, 14, 15, 14, 10, 12, 4, 15, 8, 7, 
>> seq 18
11, 12, 8, 14, 7, 3, 6, 0, 12, 4, 4, 2, 4, 6, 6, 7, 15, 1, 8, 2, 1, 0, 11, 2, 6, 7, 14, 7, 4, 7, 9, 14, 6, 2, 4, 11, 7, 15, 11, 0, 5, 10, 10, 13, 8, 8, 11, 15, 8, 12, 11, 5, 7, 0, 8, 0, 3, 8, 10, 3, 4, 11, 14, 8, 5, 15, 4, 8, 1, 8, 15, 9, 8, 14, 3, 7, 3, 2, 15, 6, 4, 3, 7, 1, 1, 15, 11, 11, 3, 2, 6, 11, 5, 12, 0, 6, 2, 5, 13, 10, 1, 6, 9, 13, 5, 13, 3, 11, 4, 3, 13, 1, 1, 11, 8, 13, 4, 14, 6, 14, 15, 14, 10, 12, 4, 15, 8, 7, 
>> seq 19
11, 12, 8, 14, 7, 3, 6, 0, 12, 4, 4, 2, 4, 6, 6, 7, 15, 1, 8, 2, 1, 0, 11, 2, 6, 7, 14, 7, 4, 7, 9, 14, 6, 2, 4, 11, 7, 15, 11, 0, 5, 10, 10, 13, 8, 8, 11, 15, 8, 12, 11, 5, 7, 0, 8, 0, 3, 8, 10, 3, 4, 11, 14, 8, 5, 15, 4, 8, 1, 8, 15, 9, 8, 14, 3, 7, 3, 2, 15, 6, 4, 3, 7, 1, 1, 15, 11, 11, 3, 2, 6, 11, 5, 12, 0, 6, 2, 5, 13, 10, 1, 6, 9, 13, 5, 13, 3, 11, 4, 3, 13, 1, 1, 11, 8, 13, 4, 14, 6, 14, 15, 14, 10, 12, 4, 15, 8, 7, 
>> seq 20
11, 12, 8, 14, 7, 3, 6, 0, 12, 4, 4, 2, 4, 6, 6, 7, 15, 1, 8, 2, 1, 0, 11, 2, 6, 7, 14, 7, 4, 7, 9, 14, 6, 2, 4, 11, 7, 15, 11, 0, 5, 10, 10, 13, 8, 8, 11, 15, 8, 12, 11, 5, 7, 0, 8, 0, 3, 8, 10, 3, 4, 11, 14, 8, 5, 15, 4, 8, 1, 8, 15, 9, 8, 14, 3, 7, 3, 2, 15, 6, 4, 3, 7, 1, 1, 15, 11, 11, 3, 2, 6, 11, 5, 12, 0, 6, 2, 5, 13, 10, 1, 6, 9, 13, 5, 13, 3, 11, 4, 3, 13, 1, 1, 11, 8, 13, 4, 14, 6, 14, 15, 14, 10, 12, 4, 15, 8, 7, 
>> seq 21
11, 12, 8, 14, 7, 3, 6, 0, 12, 4, 4, 2, 4, 6, 6, 7, 15, 1, 8, 2, 1, 0, 11, 2, 6, 7, 14, 7, 4, 7, 9, 14, 6, 2, 4, 11, 7, 15, 11, 0, 5, 10, 10, 13, 8, 8, 11, 15, 8, 12, 11, 5, 7, 0, 8, 0, 3, 8, 10, 3, 4, 11, 14, 8, 5, 15, 4, 8, 1, 8, 15, 9, 8, 14, 3, 7, 3, 2, 15, 6, 4, 3, 7, 1, 1, 15, 11, 11, 3, 2, 6, 11, 5, 12, 0, 6, 2, 5, 13, 10, 1, 6, 9, 13, 5, 13, 3, 11, 4, 3, 13, 1, 1, 11, 8, 13, 4, 14, 6, 14, 15, 14, 10, 12, 4, 15, 8, 7, 
>> seq 22
11, 12, 8, 14, 7, 3, 6, 0, 12, 4, 4, 2, 4, 6, 6, 7, 15, 1, 8, 2, 1, 0, 11, 2, 6, 7, 14, 7, 4, 7, 9, 14, 6, 2, 4, 11, 7, 15, 11, 0, 5, 10, 10, 13, 8, 8, 11, 15, 8, 12, 11, 5, 7, 0, 8, 0, 3, 8, 10, 3, 4, 11, 14, 8, 5, 15, 4, 8, 1, 8, 15, 9, 8, 14, 3, 7, 3, 2, 15, 6, 4, 3, 7, 1, 1, 15, 11, 11, 3, 2, 6, 11, 5, 12, 0, 6, 2, 5, 13, 10, 1, 6, 9, 13, 5, 13, 3, 11, 4, 3, 13, 1, 1, 11, 8, 13, 4, 14, 6, 14, 15, 14, 10, 12, 4, 15, 8, 7, 
>> seq 23
11, 12, 8, 14, 7, 3, 6, 0, 12, 4, 4, 2, 4, 6, 6, 7, 15, 1, 8, 2, 1, 0, 11, 2, 6, 7, 14, 7, 4, 7, 9, 14, 6, 2, 4, 11, 7, 15, 11, 0, 5, 10, 10, 13, 8, 8, 11, 15, 8, 12, 11, 5, 7, 0, 8, 0, 3, 8, 10, 3, 4, 11, 14, 8, 5, 15, 4, 8, 1, 8, 15, 9, 8, 14, 3, 7, 3, 2, 15, 6, 4, 3, 7, 1, 1, 15, 11, 11, 3, 2, 6, 11, 5, 12, 0, 6, 2, 5, 13, 10, 1, 6, 9, 13, 5, 13, 3, 11, 4, 3, 13, 1, 1, 11, 8, 13, 4, 14, 6, 14, 15, 14, 10, 12, 4, 15, 8, 7, 
>> seq 24
11, 12, 8, 14, 7, 3, 6, 0, 12, 4, 4, 2, 4, 6, 6, 7, 15, 1, 8, 2, 1, 0, 11, 2, 6, 7, 14, 7, 4, 7, 9, 14, 6, 2, 4, 11, 7, 15, 11, 0, 5, 10, 10, 13, 8, 8, 11, 15, 8, 12, 11, 5, 7, 0, 8, 0, 3, 8, 10, 3, 4, 11, 14, 8, 5, 15, 4, 8, 1, 8, 15, 9, 8, 14, 3, 7, 3, 2, 15, 6, 4, 3, 7, 1, 1, 15, 11, 11, 3, 2, 6, 11, 5, 12, 0, 6, 2, 5, 13, 10, 1, 6, 9, 13, 5, 13, 3, 11, 4, 3, 13, 1, 1, 11, 8, 13, 4, 14, 6, 14, 15, 14, 10, 12, 4, 15, 8, 7, 
>> seq 25
11, 12, 8, 14, 7, 3, 6, 0, 12, 4, 4, 2, 4, 6, 6, 7, 15, 1, 8, 2, 1, 0, 11, 2, 6, 7, 14, 7, 4, 7, 9, 14, 6, 2, 4, 11, 7, 15, 11, 0, 5, 10, 10, 13, 8, 8, 11, 15, 8, 12, 11, 5, 7, 0, 8, 0, 3, 8, 10, 3, 4, 11, 14, 8, 5, 15, 4, 8, 1, 8, 15, 9, 8, 14, 3, 7, 3, 2, 15, 6, 4, 3, 7, 1, 1, 15, 11, 11, 3, 2, 6, 11, 5, 12, 0, 6, 2, 5, 13, 10, 1, 6, 9, 13, 5, 13, 3, 11, 4, 3, 13, 1, 1, 11, 8, 13, 4, 14, 6, 14, 15, 14, 10, 12, 4, 15, 8, 7, 
>> seq 26
11, 12, 8, 14, 7, 3, 6, 0, 12, 4, 4, 2, 4, 6, 6, 7, 15, 1, 8, 2, 1, 0, 11, 2, 6, 7, 14, 7, 4, 7, 9, 14, 6, 2, 4, 11, 7, 15, 11, 0, 5, 10, 10, 13, 8, 8, 11, 15, 8, 12, 11, 5, 7, 0, 8, 0, 3, 8, 10, 3, 4, 11, 14, 8, 5, 15, 4, 8, 1, 8, 15, 9, 8, 14, 3, 7, 3, 2, 15, 6, 4, 3, 7, 1, 1, 15, 11, 11, 3, 2, 6, 11, 5, 12, 0, 6, 2, 5, 13, 10, 1, 6, 9, 13, 5, 13, 3, 11, 4, 3, 13, 1, 1, 11, 8, 13, 4, 14, 6, 14, 15, 14, 10, 12, 4, 15, 8, 7, 
>> seq 27
11, 12, 8, 14, 7, 3, 6, 0, 12, 4, 4, 2, 4, 6, 6, 7, 15, 1, 8, 2, 1, 0, 11, 2, 6, 7, 14, 7, 4, 7, 9, 14, 6, 2, 4, 11, 7, 15, 11, 0, 5, 10, 10, 13, 8, 8, 11, 15, 8, 12, 11, 5, 7, 0, 8, 0, 3, 8, 10, 3, 4, 11, 14, 8, 5, 15, 4, 8, 1, 8, 15, 9, 8, 14, 3, 7, 3, 2, 15, 6, 4, 3, 7, 1, 1, 15, 11, 11, 3, 2, 6, 11, 5, 12, 0, 6, 2, 5, 13, 10, 1, 6, 9, 13, 5, 13, 3, 11, 4, 3, 13, 1, 1, 11, 8, 13, 4, 14, 6, 14, 15, 14, 10, 12, 4, 15, 8, 7, 
>> seq 28
11, 12, 8, 14, 7, 3, 6, 0, 12, 4, 4, 2, 4, 6, 6, 7, 15, 1, 8, 2, 1, 0, 11, 2, 6, 7, 14, 7, 4, 7, 9, 14, 6, 2, 4, 11, 7, 15, 11, 0, 5, 10, 10, 13, 8, 8, 11, 15, 8, 12, 11, 5, 7, 0, 8, 0, 3, 8, 10, 3, 4, 11, 14, 8, 5, 15, 4, 8, 1, 8, 15, 9, 8, 14, 3, 7, 3, 2, 15, 6, 4, 3, 7, 1, 1, 15, 11, 11, 3, 2, 6, 11, 5, 12, 0, 6, 2, 5, 13, 10, 1, 6, 9, 13, 5, 13, 3, 11, 4, 3, 13, 1, 1, 11, 8, 13, 4, 14, 6, 14, 15, 14, 10, 12, 4, 15, 8, 7, 
>> seq 29
11, 12, 8, 14, 7, 3, 6, 0, 12, 4, 4, 2, 4, 6, 6, 7, 15, 1, 8, 2, 1, 0, 11, 2, 6, 7, 14, 7, 4, 7, 9, 14, 6, 2, 4, 11, 7, 15, 11, 0, 5, 10, 10, 13, 8, 8, 11, 15, 8, 12, 11, 5, 7, 0, 8, 0, 3, 8, 10, 3, 4, 11, 14, 8, 5, 15, 4, 8, 1, 8, 15, 9, 8, 14, 3, 7, 3, 2, 15, 6, 4, 3, 7, 1, 1, 15, 11, 11, 3, 2, 6, 11, 5, 12, 0, 6, 2, 5, 13, 10, 1, 6, 9, 13, 5, 13, 3, 11, 4, 3, 13, 1, 1, 11, 8, 13, 4, 14, 6, 14, 15, 14, 10, 12, 4, 15, 8, 7, 
>> seq 30
11, 12, 8, 14, 7, 3, 6, 0, 12, 4, 4, 2, 4, 6, 6, 7, 15, 1, 8, 2, 1, 0, 11, 2, 6, 7, 14, 7, 4, 7, 9, 14, 6, 2, 4, 11, 7, 15, 11, 0, 5, 10, 10, 13, 8, 8, 11, 15, 8, 12, 11, 5, 7, 0, 8, 0, 3, 8, 10, 3, 4, 11, 14, 8, 5, 15, 4, 8, 1, 8, 15, 9, 8, 14, 3, 7, 3, 2, 15, 6, 4, 3, 7, 1, 1, 15, 11, 11, 3, 2, 6, 11, 5, 12, 0, 6, 2, 5, 13, 10, 1, 6, 9, 13, 5, 13, 3, 11, 4, 3, 13, 1, 1, 11, 8, 13, 4, 14, 6, 14, 15, 14, 10, 12, 4, 15, 8, 7, 
>> seq 31
11, 12, 8, 14, 7, 3, 6, 0, 12, 4, 4, 2, 4, 6, 6, 7, 15, 1, 8, 2, 1, 0, 11, 2, 6, 7, 14, 7, 4, 7, 9, 14, 6, 2, 4, 11, 7, 15, 11, 0, 5, 10, 10, 13, 8, 8, 11, 15, 8, 12, 11, 5, 7, 0, 8, 0, 3, 8, 10, 3, 4, 11, 14, 8, 5, 15, 4, 8, 1, 8, 15, 9, 8, 14, 3, 7, 3, 2, 15, 6, 4, 3, 7, 1, 1, 15, 11, 11, 3, 2, 6, 11, 5, 12, 0, 6, 2, 5, 13, 10, 1, 6, 9, 13, 5, 13, 3, 11, 4, 3, 13, 1, 1, 11, 8, 13, 4, 14, 6, 14, 15, 14, 10, 12, 4, 15, 8, 7, 
>> seq 32
11, 12, 8, 14, 7, 3, 6, 0, 12, 4, 4, 2, 4, 6, 6, 7, 15, 1, 8, 2, 1, 0, 11, 2, 6, 7, 14, 7, 4, 7, 9, 14, 6, 2, 4, 11, 7, 15, 11, 0, 5, 10, 10, 13, 8, 8, 11, 15, 8, 12, 11, 5, 7, 0, 8, 0, 3, 8, 10, 3, 4, 11, 14, 8, 5, 15, 4, 8, 1, 8, 15, 9, 8, 14, 3, 7, 3, 2, 15, 6, 4, 3, 7, 1, 1, 15, 11, 11, 3, 2, 6, 11, 5, 12, 0, 6, 2, 5, 13, 10, 1, 6, 9, 13, 5, 13, 3, 11, 4, 3, 13, 1, 1, 11, 8, 13, 4, 14, 6, 14, 15, 14, 10, 12, 4, 15, 8, 7, 
>> seq 33
11, 12, 8, 14, 7, 3, 6, 0, 12, 4, 4, 2, 4, 6, 6, 7, 15, 1, 8, 2, 1, 0, 11, 2, 6, 7, 14, 7, 4, 7, 9, 14, 6, 2, 4, 11, 7, 15, 11, 0, 5, 10, 10, 13, 8, 8, 11, 15, 8, 12, 11, 5, 7, 0, 8, 0, 3, 8, 10, 3, 4, 11, 14, 8, 5, 15, 4, 8, 1, 8, 15, 9, 8, 14, 3, 7, 3, 2, 15, 6, 4, 3, 7, 1, 1, 15, 11, 11, 3, 2, 6, 11, 5, 12, 0, 6, 2, 5, 13, 10, 1, 6, 9, 13, 5, 13, 3, 11, 4, 3, 13, 1, 1, 11, 8, 13, 4, 14, 6, 14, 15, 14, 10, 12, 4, 15, 8, 7, 
>> seq 34
11, 12, 8, 14, 7, 3, 6, 0, 12, 4, 4, 2, 4, 6, 6, 7, 15, 1, 8, 2, 1, 0, 11, 2, 6, 7, 14, 7, 4, 7, 9, 14, 6, 2, 4, 11, 7, 15, 11, 0, 5, 10, 10, 13, 8, 8, 11, 15, 8, 12, 11, 5, 7, 0, 8, 0, 3, 8, 10, 3, 4, 11, 14, 8, 5, 15, 4, 8, 1, 8, 15, 9, 8, 14, 3, 7, 3, 2, 15, 6, 4, 3, 7, 1, 1, 15, 11, 11, 3, 2, 6, 11, 5, 12, 0, 6, 2, 5, 13, 10, 1, 6, 9, 13, 5, 13, 3, 11, 4, 3, 13, 1, 1, 11, 8, 13, 4, 14, 6, 14, 15, 14, 10, 12, 4, 15, 8, 7, 
>> seq 35
11, 12, 8, 14, 7, 3, 6, 0, 12, 4, 4, 2, 4, 6, 6, 7, 15, 1, 8, 2, 1, 0, 11, 2, 6, 7, 14, 7, 4, 7, 9, 14, 6, 2, 4, 11, 7, 15, 11, 0, 5, 10, 10, 13, 8, 8, 11, 15, 8, 12, 11, 5, 7, 0, 8, 0, 3, 8, 10, 3, 4, 11, 14, 8, 5, 15, 4, 8, 1, 8, 15, 9, 8, 14, 3, 7, 3, 2, 15, 6, 4, 3, 7, 1, 1, 15, 11, 11, 3, 2, 6, 11, 5, 12, 0, 6, 2, 5, 13, 10, 1, 6, 9, 13, 5, 13, 3, 11, 4, 3, 13, 1, 1, 11, 8, 13, 4, 14, 6, 14, 15, 14, 10, 12, 4, 15, 8, 7, 
>> seq 36
11, 12, 8, 14, 7, 3, 6, 0, 12, 4, 4, 2, 4, 6, 6, 7, 15, 1, 8, 2, 1, 0, 11, 2, 6, 7, 14, 7, 4, 7, 9, 14, 6, 2, 4, 11, 7, 15, 11, 0, 5, 10, 10, 13, 8, 8, 11, 15, 8, 12, 11, 5, 7, 0, 8, 0, 3, 8, 10, 3, 4, 11, 14, 8, 5, 15, 4, 8, 1, 8, 15, 9, 8, 14, 3, 7, 3, 2, 15, 6, 4, 3, 7, 1, 1, 15, 11, 11, 3, 2, 6, 11, 5, 12, 0, 6, 2, 5, 13, 10, 1, 6, 9, 13, 5, 13, 3, 11, 4, 3, 13, 1, 1, 11, 8, 13, 4, 14, 6, 14, 15, 14, 10, 12, 4, 15, 8, 7, 
>> seq 37
11, 12, 8, 14, 7, 3, 6, 0, 12, 4, 4, 2, 4, 6, 6, 7, 15, 1, 8, 2, 1, 0, 11, 2, 6, 7, 14, 7, 4, 7, 9, 14, 6, 2, 4, 11, 7, 15, 11, 0, 5, 10, 10, 13, 8, 8, 11, 15, 8, 12, 11, 5, 7, 0, 8, 0, 3, 8, 10, 3, 4, 11, 14, 8, 5, 15, 4, 8, 1, 8, 15, 9, 8, 14, 3, 7, 3, 2, 15, 6, 4, 3, 7, 1, 1, 15, 11, 11, 3, 2, 6, 11, 5, 12, 0, 6, 2, 5, 13, 10, 1, 6, 9, 13, 5, 13, 3, 11, 4, 3, 13, 1, 1, 11, 8, 13, 4, 14, 6, 14, 15, 14, 10, 12, 4, 15, 8, 7, 
>> seq 38
11, 12, 8, 14, 7, 3, 6, 0, 12, 4, 4, 2, 4, 6, 6, 7, 15, 1, 8, 2, 1, 0, 11, 2, 6, 7, 14, 7, 4, 7, 9, 14, 6, 2, 4, 11, 7, 15, 11, 0, 5, 10, 10, 13, 8, 8, 11, 15, 8, 12, 11, 5, 7, 0, 8, 0, 3, 8, 10, 3, 4, 11, 14, 8, 5, 15, 4, 8, 1, 8, 15, 9, 8, 14, 3, 7, 3, 2, 15, 6, 4, 3, 7, 1, 1, 15, 11, 11, 3, 2, 6, 11, 5, 12, 0, 6, 2, 5, 13, 10, 1, 6, 9, 13, 5, 13, 3, 11, 4, 3, 13, 1, 1, 11, 8, 13, 4, 14, 6, 14, 15, 14, 10, 12, 4, 15, 8, 7, 
>> seq 39
11, 12, 8, 14, 7, 3, 6, 0, 12, 4, 4, 2, 4, 6, 6, 7, 15, 1, 8, 2, 1, 0, 11, 2, 6, 7, 14, 7, 4, 7, 9, 14, 6, 2, 4, 11, 7, 15, 11, 0, 5, 10, 10, 13, 8, 8, 11, 15, 8, 12, 11, 5, 7, 0, 8, 0, 3, 8, 10, 3, 4, 11, 14, 8, 5, 15, 4, 8, 1, 8, 15, 9, 8, 14, 3, 7, 3, 2, 15, 6, 4, 3, 7, 1, 1, 15, 11, 11, 3, 2, 6, 11, 5, 12, 0, 6, 2, 5, 13, 10, 1, 6, 9, 13, 5, 13, 3, 11, 4, 3, 13, 1, 1, 11, 8, 13, 4, 14, 6, 14, 15, 14, 10, 12, 4, 15, 8, 7, 
>> seq 40
11, 12, 8, 14, 7, 3, 6, 0, 12, 4, 4, 2, 4, 6, 6, 7, 15, 1, 8, 2, 1, 0, 11, 2, 6, 7, 14, 7, 4, 7, 9, 14, 6, 2, 4, 11, 7, 15, 11, 0, 5, 10, 10, 13, 8, 8, 11, 15, 8, 12, 11, 5, 7, 0, 8, 0, 3, 8, 10, 3, 4, 11, 14, 8, 5, 15, 4, 8, 1, 8, 15, 9, 8, 14, 3, 7, 3, 2, 15, 6, 4, 3, 7, 1, 1, 15, 11, 11, 3, 2, 6, 11, 5, 12, 0, 6, 2, 5, 13, 10, 1, 6, 9, 13, 5, 13, 3, 11, 4, 3, 13, 1, 1, 11, 8, 13, 4, 14, 6, 14, 15, 14, 10, 12, 4, 15, 8, 7, 
>> seq 41
11, 12, 8, 14, 7, 3, 6, 0, 12, 4, 4, 2, 4, 6, 6, 7, 15, 1, 8, 2, 1, 0, 11, 2, 6, 7, 14, 7, 4, 7, 9, 14, 6, 2, 4, 11, 7, 15, 11, 0, 5, 10, 10, 13, 8, 8, 11, 15, 8, 12, 11, 5, 7, 0, 8, 0, 3, 8, 10, 3, 4, 11, 14, 8, 5, 15, 4, 8, 1, 8, 15, 9, 8, 14, 3, 7, 3, 2, 15, 6, 4, 3, 7, 1, 1, 15, 11, 11, 3, 2, 6, 11, 5, 12, 0, 6, 2, 5, 13, 10, 1, 6, 9, 13, 5, 13, 3, 11, 4, 3, 13, 1, 1, 11, 8, 13, 4, 14, 6, 14, 15, 14, 10, 12, 4, 15, 8, 7, 
>> seq 42
11, 12, 8, 14, 7, 3, 6, 0, 12, 4, 4, 2, 4, 6, 6, 7, 15, 1, 8, 2, 1, 0, 11, 2, 6, 7, 14, 7, 4, 7, 9, 14, 6, 2, 4, 11, 7, 15, 11, 0, 5, 10, 10, 13, 8, 8, 11, 15, 8, 12, 11, 5, 7, 0, 8, 0, 3, 8, 10, 3, 4, 11, 14, 8, 5, 15, 4, 8, 1, 8, 15, 9, 8, 14, 3, 7, 3, 2, 15, 6, 4, 3, 7, 1, 1, 15, 11, 11, 3, 2, 6, 11, 5, 12, 0, 6, 2, 5, 13, 10, 1, 6, 9, 13, 5, 13, 3, 11, 4, 3, 13, 1, 1, 11, 8, 13, 4, 14, 6, 14, 15, 14, 10, 12, 4, 15, 8, 7, 
>> seq 43
11, 12, 8, 14, 7, 3, 6, 0, 12, 4, 4, 2, 4, 6, 6, 7, 15, 1, 8, 2, 1, 0, 11, 2, 6, 7, 14, 7, 4, 7, 9, 14, 6, 2, 4, 11, 7, 15, 11, 0, 5, 10, 10, 13, 8, 8, 11, 15, 8, 12, 11, 5, 7, 0, 8, 0, 3, 8, 10, 3, 4, 11, 14, 8, 5, 15, 4, 8, 1, 8, 15, 9, 8, 14, 3, 7, 3, 2, 15, 6, 4, 3, 7, 1, 1, 15, 11, 11, 3, 2, 6, 11, 5, 12, 0, 6, 2, 5, 13, 10, 1, 6, 9, 13, 5, 13, 3, 11, 4, 3, 13, 1, 1, 11, 8, 13, 4, 14, 6, 14, 15, 14, 10, 12, 4, 15, 8, 7, 
>> seq 44
11, 12, 8, 14, 7, 3, 6, 0, 12, 4, 4, 2, 4, 6, 6, 7, 15, 1, 8, 2, 1, 0, 11, 2, 6, 7, 14, 7, 4, 7, 9, 14, 6, 2, 4, 11, 7, 15, 11, 0, 5, 10, 10, 13, 8, 8, 11, 15, 8, 12, 11, 5, 7, 0, 8, 0, 3, 8, 10, 3, 4, 11, 14, 8, 5, 15, 4, 8, 1, 8, 15, 9, 8, 14, 3, 7, 3, 2, 15, 6, 4, 3, 7, 1, 1, 15, 11, 11, 3, 2, 6, 11, 5, 12, 0, 6, 2, 5, 13, 10, 1, 6, 9, 13, 5, 13, 3, 11, 4, 3, 13, 1, 1, 11, 8, 13, 4, 14, 6, 14, 15, 14, 10, 12, 4, 15, 8, 7, 
>> seq 45
11, 12, 8, 14, 7, 3, 6, 0, 12, 4, 4, 2, 4, 6, 6, 7, 15, 1, 8, 2, 1, 0, 11, 2, 6, 7, 14, 7, 4, 7, 9, 14, 6, 2, 4, 11, 7, 15, 11, 0, 5, 10, 10, 13, 8, 8, 11, 15, 8, 12, 11, 5, 7, 0, 8, 0, 3, 8, 10, 3, 4, 11, 14, 8, 5, 15, 4, 8, 1, 8, 15, 9, 8, 14, 3, 7, 3, 2, 15, 6, 4, 3, 7, 1, 1, 15, 11, 11, 3, 2, 6, 11, 5, 12, 0, 6, 2, 5, 13, 10, 1, 6, 9, 13, 5, 13, 3, 11, 4, 3, 13, 1, 1, 11, 8, 13, 4, 14, 6, 14, 15, 14, 10, 12, 4, 15, 8, 7, 
>> seq 46
11, 12, 8, 14, 7, 3, 6, 0, 12, 4, 4, 2, 4, 6, 6, 7, 15, 1, 8, 2, 1, 0, 11, 2, 6, 7, 14, 7, 4, 7, 9, 14, 6, 2, 4, 11, 7, 15, 11, 0, 5, 10, 10, 13, 8, 8, 11, 15, 8, 12, 11, 5, 7, 0, 8, 0, 3, 8, 10, 3, 4, 11, 14, 8, 5, 15, 4, 8, 1, 8, 15, 9, 8, 14, 3, 7, 3, 2, 15, 6, 4, 3, 7, 1, 1, 15, 11, 11, 3, 2, 6, 11, 5, 12, 0, 6, 2, 5, 13, 10, 1, 6, 9, 13, 5, 13, 3, 11, 4, 3, 13, 1, 1, 11, 8, 13, 4, 14, 6, 14, 15, 14, 10, 12, 4, 15, 8, 7, 
>> seq 47
11, 12, 8, 14, 7, 3, 6, 0, 12, 4, 4, 2, 4, 6, 6, 7, 15, 1, 8, 2, 1, 0, 11, 2, 6, 7, 14, 7, 4, 7, 9, 14, 6, 2, 4, 11, 7, 15, 11, 0, 5, 10, 10, 13, 8, 8, 11, 15, 8, 12, 11, 5, 7, 0, 8, 0, 3, 8, 10, 3, 4, 11, 14, 8, 5, 15, 4, 8, 1, 8, 15, 9, 8, 14, 3, 7, 3, 2, 15, 6, 4, 3, 7, 1, 1, 15, 11, 11, 3, 2, 6, 11, 5, 12, 0, 6, 2, 5, 13, 10, 1, 6, 9, 13, 5, 13, 3, 11, 4, 3, 13, 1, 1, 11, 8, 13, 4, 14, 6, 14, 15, 14, 10, 12, 4, 15, 8, 7, 
>> seq 48
11, 12, 8, 14, 7, 3, 6, 0, 12, 4, 4, 2, 4, 6, 6, 7, 15, 1, 8, 2, 1, 0, 11, 2, 6, 7, 14, 7, 4, 7, 9, 14, 6, 2, 4, 11, 7, 15, 11, 0, 5, 10, 10, 13, 8, 8, 11, 15, 8, 12, 11, 5, 7, 0, 8, 0, 3, 8, 10, 3, 4, 11, 14, 8, 5, 15, 4, 8, 1, 8, 15, 9, 8, 14, 3, 7, 3, 2, 15, 6, 4, 3, 7, 1, 1, 15, 11, 11, 3, 2, 6, 11, 5, 12, 0, 6, 2, 5, 13, 10, 1, 6, 9, 13, 5, 13, 3, 11, 4, 3, 13, 1, 1, 11, 8, 13, 4, 14, 6, 14, 15, 14, 10, 12, 4, 15, 8, 7, 
>> seq 49
11, 12, 8, 14, 7, 3, 6, 0, 12, 4, 4, 2, 4, 6, 6, 7, 15, 1, 8, 2, 1, 0, 11, 2, 6, 7, 14, 7, 4, 7, 9, 14, 6, 2, 4, 11, 7, 15, 11, 0, 5, 10, 10, 13, 8, 8, 11, 15, 8, 12, 11, 5, 7, 0, 8, 0, 3, 8, 10, 3, 4, 11, 14, 8, 5, 15, 4, 8, 1, 8, 15, 9, 8, 14, 3, 7, 3, 2, 15, 6, 4, 3, 7, 1, 1, 15, 11, 11, 3, 2, 6, 11, 5, 12, 0, 6, 2, 5, 13, 10, 1, 6, 9, 13, 5, 13, 3, 11, 4, 3, 13, 1, 1, 11, 8, 13, 4, 14, 6, 14, 15, 14, 10, 12, 4, 15, 8, 7, 
>> seq 50
11, 12, 8, 14, 7, 3, 6, 0, 12, 4, 4, 2, 4, 6, 6, 7, 15, 1, 8, 2, 1, 0, 11, 2, 6, 7, 14, 7, 4, 7, 9, 14, 6, 2, 4, 11, 7, 15, 11, 0, 5, 10, 10, 13, 8, 8, 11, 15, 8, 12, 11, 5, 7, 0, 8, 0, 3, 8, 10, 3, 4, 11, 14, 8, 5, 15, 4, 8, 1, 8, 15, 9, 8, 14, 3, 7, 3, 2, 15, 6, 4, 3, 7, 1, 1, 15, 11, 11, 3, 2, 6, 11, 5, 12, 0, 6, 2, 5, 13, 10, 1, 6, 9, 13, 5, 13, 3, 11, 4, 3, 13, 1, 1, 11, 8, 13, 4, 14, 6, 14, 15, 14, 10, 12, 4, 15, 8, 7, 
>> seq 51
11, 12, 8, 14, 7, 3, 6, 0, 12, 4, 4, 2, 4, 6, 6, 7, 15, 1, 8, 2, 1, 0, 11, 2, 6, 7, 14, 7, 4, 7, 9, 14, 6, 2, 4, 11, 7, 15, 11, 0, 5, 10, 10, 13, 8, 8, 11, 15, 8, 12, 11, 5, 7, 0, 8, 0, 3, 8, 10, 3, 4, 11, 14, 8, 5, 15, 4, 8, 1, 8, 15, 9, 8, 14, 3, 7, 3, 2, 15, 6, 4, 3, 7, 1, 1, 15, 11, 11, 3, 2, 6, 11, 5, 12, 0, 6, 2, 5, 13, 10, 1, 6, 9, 13, 5, 13, 3, 11, 4, 3, 13, 1, 1, 11, 8, 13, 4, 14, 6, 14, 15, 14, 10, 12, 4, 15, 8, 7, 
>> seq 52
11, 12, 8, 14, 7, 3, 6, 0, 12, 4, 4, 2, 4, 6, 6, 7, 15, 1, 8, 2, 1, 0, 11, 2, 6, 7, 14, 7, 4, 7, 9, 14, 6, 2, 4, 11, 7, 15, 11, 0, 5, 10, 10, 13, 8, 8, 11, 15, 8, 12, 11, 5, 7, 0, 8, 0, 3, 8, 10, 3, 4, 11, 14, 8, 5, 15, 4, 8, 1, 8, 15, 9, 8, 14, 3, 7, 3, 2, 15, 6, 4, 3, 7, 1, 1, 15, 11, 11, 3, 2, 6, 11, 5, 12, 0, 6, 2, 5, 13, 10, 1, 6, 9, 13, 5, 13, 3, 11, 4, 3, 13, 1, 1, 11, 8, 13, 4, 14, 6, 14, 15, 14, 10, 12, 4, 15, 8, 7, 
>> seq 53
11, 12, 8, 14, 7, 3, 6, 0, 12, 4, 4, 2, 4, 6, 6, 7, 15, 1, 8, 2, 1, 0, 11, 2, 6, 7, 14, 7, 4, 7, 9, 14, 6, 2, 4, 11, 7, 15, 11, 0, 5, 10, 10, 13, 8, 8, 11, 15, 8, 12, 11, 5, 7, 0, 8, 0, 3, 8, 10, 3, 4, 11, 14, 8, 5, 15, 4, 8, 1, 8, 15, 9, 8, 14, 3, 7, 3, 2, 15, 6, 4, 3, 7, 1, 1, 15, 11, 11, 3, 2, 6, 11, 5, 12, 0, 6, 2, 5, 13, 10, 1, 6, 9, 13, 5, 13, 3, 11, 4, 3, 13, 1, 1, 11, 8, 13, 4, 14, 6, 14, 15, 14, 10, 12, 4, 15, 8, 7, 
>> seq 54
11, 12, 8, 14, 7, 3, 6, 0, 12, 4, 4, 2, 4, 6, 6, 7, 15, 1, 8, 2, 1, 0, 11, 2, 6, 7, 14, 7, 4, 7, 9, 14, 6, 2, 4, 11, 7, 15, 11, 0, 5, 10, 10, 13, 8, 8, 11, 15, 8, 12, 11, 5, 7, 0, 8, 0, 3, 8, 10, 3, 4, 11, 14, 8, 5, 15, 4, 8, 1, 8, 15, 9, 8, 14, 3, 7, 3, 2, 15, 6, 4, 3, 7, 1, 1, 15, 11, 11, 3, 2, 6, 11, 5, 12, 0, 6, 2, 5, 13, 10, 1, 6, 9, 13, 5, 13, 3, 11, 4, 3, 13, 1, 1, 11, 8, 13, 4, 14, 6, 14, 15, 14, 10, 12, 4, 15, 8, 7, 
>> seq 55
11, 12, 8, 14, 7, 3, 6, 0, 12, 4, 4, 2, 4, 6, 6, 7, 15, 1, 8, 2, 1, 0, 11, 2, 6, 7, 14, 7, 4, 7, 9, 14, 6, 2, 4, 11, 7, 15, 11, 0, 5, 10, 10, 13, 8, 8, 11, 15, 8, 12, 11, 5, 7, 0, 8, 0, 3, 8, 10, 3, 4, 11, 14, 8, 5, 15, 4, 8, 1, 8, 15, 9, 8, 14, 3, 7, 3, 2, 15, 6, 4, 3, 7, 1, 1, 15, 11, 11, 3, 2, 6, 11, 5, 12, 0, 6, 2, 5, 13, 10, 1, 6, 9, 13, 5, 13, 3, 11, 4, 3, 13, 1, 1, 11, 8, 13, 4, 14, 6, 14, 15, 14, 10, 12, 4, 15, 8, 7, 
>> seq 56
11, 12, 8, 14, 7, 3, 6, 0, 12, 4, 4, 2, 4, 6, 6, 7, 15, 1, 8, 2, 1, 0, 11, 2, 6, 7, 14, 7, 4, 7, 9, 14, 6, 2, 4, 11, 7, 15, 11, 0, 5, 10, 10, 13, 8, 8, 11, 15, 8, 12, 11, 5, 7, 0, 8, 0, 3, 8, 10, 3, 4, 11, 14, 8, 5, 15, 4, 8, 1, 8, 15, 9, 8, 14, 3, 7, 3, 2, 15, 6, 4, 3, 7, 1, 1, 15, 11, 11, 3, 2, 6, 11, 5, 12, 0, 6, 2, 5, 13, 10, 1, 6, 9, 13, 5, 13, 3, 11, 4, 3, 13, 1, 1, 11, 8, 13, 4, 14, 6, 14, 15, 14, 10, 12, 4, 15, 8, 7, 
>> seq 57
11, 12, 8, 14, 7, 3, 6, 0, 12, 4, 4, 2, 4, 6, 6, 7, 15, 1, 8, 2, 1, 0, 11, 2, 6, 7, 14, 7, 4, 7, 9, 14, 6, 2, 4, 11, 7, 15, 11, 0, 5, 10, 10, 13, 8, 8, 11, 15, 8, 12, 11, 5, 7, 0, 8, 0, 3, 8, 10, 3, 4, 11, 14, 8, 5, 15, 4, 8, 1, 8, 15, 9, 8, 14, 3, 7, 3, 2, 15, 6, 4, 3, 7, 1, 1, 15, 11, 11, 3, 2, 6, 11, 5, 12, 0, 6, 2, 5, 13, 10, 1, 6, 9, 13, 5, 13, 3, 11, 4, 3, 13, 1, 1, 11, 8, 13, 4, 14, 6, 14, 15, 14, 10, 12, 4, 15, 8, 7, 
>> seq 58
11, 12, 8, 14, 7, 3, 6, 0, 12, 4, 4, 2, 4, 6, 6, 7, 15, 1, 8, 2, 1, 0, 11, 2, 6, 7, 14, 7, 4, 7, 9, 14, 6, 2, 4, 11, 7, 15, 11, 0, 5, 10, 10, 13, 8, 8, 11, 15, 8, 12, 11, 5, 7, 0, 8, 0, 3, 8, 10, 3, 4, 11, 14, 8, 5, 15, 4, 8, 1, 8, 15, 9, 8, 14, 3, 7, 3, 2, 15, 6, 4, 3, 7, 1, 1, 15, 11, 11, 3, 2, 6, 11, 5, 12, 0, 6, 2, 5, 13, 10, 1, 6, 9, 13, 5, 13, 3, 11, 4, 3, 13, 1, 1, 11, 8, 13, 4, 14, 6, 14, 15, 14, 10, 12, 4, 15, 8, 7, 
>> seq 59
11, 12, 8, 14, 7, 3, 6, 0, 12, 4, 4, 2, 4, 6, 6, 7, 15, 1, 8, 2, 1, 0, 11, 2, 6, 7, 14, 7, 4, 7, 9, 14, 6, 2, 4, 11, 7, 15, 11, 0, 5, 10, 10, 13, 8, 8, 11, 15, 8, 12, 11, 5, 7, 0, 8, 0, 3, 8, 10, 3, 4, 11, 14, 8, 5, 15, 4, 8, 1, 8, 15, 9, 8, 14, 3, 7, 3, 2, 15, 6, 4, 3, 7, 1, 1, 15, 11, 11, 3, 2, 6, 11, 5, 12, 0, 6, 2, 5, 13, 10, 1, 6, 9, 13, 5, 13, 3, 11, 4, 3, 13, 1, 1, 11, 8, 13, 4, 14, 6, 14, 15, 14, 10, 12, 4, 15, 8, 7, 
>> seq 60
11, 12, 8, 14, 7, 3, 6, 0, 12, 4, 4, 2, 4, 6, 6, 7, 15, 1, 8, 2, 1, 0, 11, 2, 6, 7, 14, 7, 4, 7, 9, 14, 6, 2, 4, 11, 7, 15, 11, 0, 5, 10, 10, 13, 8, 8, 11, 15, 8, 12, 11, 5, 7, 0, 8, 0, 3, 8, 10, 3, 4, 11, 14, 8, 5, 15, 4, 8, 1, 8, 15, 9, 8, 14, 3, 7, 3, 2, 15, 6, 4, 3, 7, 1, 1, 15, 11, 11, 3, 2, 6, 11, 5, 12, 0, 6, 2, 5, 13, 10, 1, 6, 9, 13, 5, 13, 3, 11, 4, 3, 13, 1, 1, 11, 8, 13, 4, 14, 6, 14, 15, 14, 10, 12, 4, 15, 8, 7, 
>> seq 61
11, 12, 8, 14, 7, 3, 6, 0, 12, 4, 4, 2, 4, 6, 6, 7, 15, 1, 8, 2, 1, 0, 11, 2, 6, 7, 14, 7, 4, 7, 9, 14, 6, 2, 4, 11, 7, 15, 11, 0, 5, 10, 10, 13, 8, 8, 11, 15, 8, 12, 11, 5, 7, 0, 8, 0, 3, 8, 10, 3, 4, 11, 14, 8, 5, 15, 4, 8, 1, 8, 15, 9, 8, 14, 3, 7, 3, 2, 15, 6, 4, 3, 7, 1, 1, 15, 11, 11, 3, 2, 6, 11, 5, 12, 0, 6, 2, 5, 13, 10, 1, 6, 9, 13, 5, 13, 3, 11, 4, 3, 13, 1, 1, 11, 8, 13, 4, 14, 6, 14, 15, 14, 10, 12, 4, 15, 8, 7, 
>> seq 62
11, 12, 8, 14, 7, 3, 6, 0, 12, 4, 4, 2, 4, 6, 6, 7, 15, 1, 8, 2, 1, 0, 11, 2, 6, 7, 14, 7, 4, 7, 9, 14, 6, 2, 4, 11, 7, 15, 11, 0, 5, 10, 10, 13, 8, 8, 11, 15, 8, 12, 11, 5, 7, 0, 8, 0, 3, 8, 10, 3, 4, 11, 14, 8, 5, 15, 4, 8, 1, 8, 15, 9, 8, 14, 3, 7, 3, 2, 15, 6, 4, 3, 7, 1, 1, 15, 11, 11, 3, 2, 6, 11, 5, 12, 0, 6, 2, 5, 13, 10, 1, 6, 9, 13, 5, 13, 3, 11, 4, 3, 13, 1, 1, 11, 8, 13, 4, 14, 6, 14, 15, 14, 10, 12, 4, 15, 8, 7, 
>> seq 63
11, 12, 8, 14, 7, 3, 6, 0, 12, 4, 4, 2, 4, 6, 6, 7, 15, 1, 8, 2, 1, 0, 11, 2, 6, 7, 14, 7, 4, 7, 9, 14, 6, 2, 4, 11, 7, 15, 11, 0, 5, 10, 10, 13, 8, 8, 11, 15, 8, 12, 11, 5, 7, 0, 8, 0, 3, 8, 10, 3, 4, 11, 14, 8, 5, 15, 4, 8, 1, 8, 15, 9, 8, 14, 3, 7, 3, 2, 15, 6, 4, 3, 7, 1, 1, 15, 11, 11, 3, 2, 6, 11, 5, 12, 0, 6, 2, 5, 13, 10, 1, 6, 9, 13, 5, 13, 3, 11, 4, 3, 13, 1, 1, 11, 8, 13, 4, 14, 6, 14, 15, 14, 10, 12, 4, 15, 8, 7, 
>> seq 64
11, 12, 8, 14, 7, 3, 6, 0, 12, 4, 4, 2, 4, 6, 6, 7, 15, 1, 8, 2, 1, 0, 11, 2, 6, 7, 14, 7, 4, 7, 9, 14, 6, 2, 4, 11, 7, 15, 11, 0, 5, 10, 10, 13, 8, 8, 11, 15, 8, 12, 11, 5, 7, 0, 8, 0, 3, 8, 10, 3, 4, 11, 14, 8, 5, 15, 4, 8, 1, 8, 15, 9, 8, 14, 3, 7, 3, 2, 15, 6, 4, 3, 7, 1, 1, 15, 11, 11, 3, 2, 6, 11, 5, 12, 0, 6, 2, 5, 13, 10, 1, 6, 9, 13, 5, 13, 3, 11, 4, 3, 13, 1, 1, 11, 8, 13, 4, 14, 6, 14, 15, 14, 10, 12, 4, 15, 8, 7, 
>> seq 65
11, 12, 8, 14, 7, 3, 6, 0, 12, 4, 4, 2, 4, 6, 6, 7, 15, 1, 8, 2, 1, 0, 11, 2, 6, 7, 14, 7, 4, 7, 9, 14, 6, 2, 4, 11, 7, 15, 11, 0, 5, 10, 10, 13, 8, 8, 11, 15, 8, 12, 11, 5, 7, 0, 8, 0, 3, 8, 10, 3, 4, 11, 14, 8, 5, 15, 4, 8, 1, 8, 15, 9, 8, 14, 3, 7, 3, 2, 15, 6, 4, 3, 7, 1, 1, 15, 11, 11, 3, 2, 6, 11, 5, 12, 0, 6, 2, 5, 13, 10, 1, 6, 9, 13, 5, 13, 3, 11, 4, 3, 13, 1, 1, 11, 8, 13, 4, 14, 6, 14, 15, 14, 10, 12, 4, 15, 8, 7, 
>> seq 66
11, 12, 8, 14, 7, 3, 6, 0, 12, 4, 4, 2, 4, 6, 6, 7, 15, 1, 8, 2, 1, 0, 11, 2, 6, 7, 14, 7, 4, 7, 9, 14, 6, 2, 4, 11, 7, 15, 11, 0, 5, 10, 10, 13, 8, 8, 11, 15, 8, 12, 11, 5, 7, 0, 8, 0, 3, 8, 10, 3, 4, 11, 14, 8, 5, 15, 4, 8, 1, 8, 15, 9, 8, 14, 3, 7, 3, 2, 15, 6, 4, 3, 7, 1, 1, 15, 11, 11, 3, 2, 6, 11, 5, 12, 0, 6, 2, 5, 13, 10, 1, 6, 9, 13, 5, 13, 3, 11, 4, 3, 13, 1, 1, 11, 8, 13, 4, 14, 6, 14, 15, 14, 10, 12, 4, 15, 8, 7, 
>> seq 67
11, 12, 8, 14, 7, 3, 6, 0, 12, 4, 4, 2, 4, 6, 6, 7, 15, 1, 8, 2, 1, 0, 11, 2, 6, 7, 14, 7, 4, 7, 9, 14, 6, 2, 4, 11, 7, 15, 11, 0, 5, 10, 10, 13, 8, 8, 11, 15, 8, 12, 11, 5, 7, 0, 8, 0, 3, 8, 10, 3, 4, 11, 14, 8, 5, 15, 4, 8, 1, 8, 15, 9, 8, 14, 3, 7, 3, 2, 15, 6, 4, 3, 7, 1, 1, 15, 11, 11, 3, 2, 6, 11, 5, 12, 0, 6, 2, 5, 13, 10, 1, 6, 9, 13, 5, 13, 3, 11, 4, 3, 13, 1, 1, 11, 8, 13, 4, 14, 6, 14, 15, 14, 10, 12, 4, 15, 8, 7, 
>> seq 68
11, 12, 8, 14, 7, 3, 6, 0, 12, 4, 4, 2, 4, 6, 6, 7, 15, 1, 8, 2, 1, 0, 11, 2, 6, 7, 14, 7, 4, 7, 9, 14, 6, 2, 4, 11, 7, 15, 11, 0, 5, 10, 10, 13, 8, 8, 11, 15, 8, 12, 11, 5, 7, 0, 8, 0, 3, 8, 10, 3, 4, 11, 14, 8, 5, 15, 4, 8, 1, 8, 15, 9, 8, 14, 3, 7, 3, 2, 15, 6, 4, 3, 7, 1, 1, 15, 11, 11, 3, 2, 6, 11, 5, 12, 0, 6, 2, 5, 13, 10, 1, 6, 9, 13, 5, 13, 3, 11, 4, 3, 13, 1, 1, 11, 8, 13, 4, 14, 6, 14, 15, 14, 10, 12, 4, 15, 8, 7, 
>> seq 69
11, 12, 8, 14, 7, 3, 6, 0, 12, 4, 4, 2, 4, 6, 6, 7, 15, 1, 8, 2, 1, 0, 11, 2, 6, 7, 14, 7, 4, 7, 9, 14, 6, 2, 4, 11, 7, 15, 11, 0, 5, 10, 10, 13, 8, 8, 11, 15, 8, 12, 11, 5, 7, 0, 8, 0, 3, 8, 10, 3, 4, 11, 14, 8, 5, 15, 4, 8, 1, 8, 15, 9, 8, 14, 3, 7, 3, 2, 15, 6, 4, 3, 7, 1, 1, 15, 11, 11, 3, 2, 6, 11, 5, 12, 0, 6, 2, 5, 13, 10, 1, 6, 9, 13, 5, 13, 3, 11, 4, 3, 13, 1, 1, 11, 8, 13, 4, 14, 6, 14, 15, 14, 10, 12, 4, 15, 8, 7, 
>> seq 70
11, 12, 8, 14, 7, 3, 6, 0, 12, 4, 4, 2, 4, 6, 6, 7, 15, 1, 8, 2, 1, 0, 11, 2, 6, 7, 14, 7, 4, 7, 9, 14, 6, 2, 4, 11, 7, 15, 11, 0, 5, 10, 10, 13, 8, 8, 11, 15, 8, 12, 11, 5, 7, 0, 8, 0, 3, 8, 10, 3, 4, 11, 14, 8, 5, 15, 4, 8, 1, 8, 15, 9, 8, 14, 3, 7, 3, 2, 15, 6, 4, 3, 7, 1, 1, 15, 11, 11, 3, 2, 6, 11, 5, 12, 0, 6, 2, 5, 13, 10, 1, 6, 9, 13, 5, 13, 3, 11, 4, 3, 13, 1, 1, 11, 8, 13, 4, 14, 6, 14, 15, 14, 10, 12, 4, 15, 8, 7, 
>> seq 71
11, 12, 8, 14, 7, 3, 6, 0, 12, 4, 4, 2, 4, 6, 6, 7, 15, 1, 8, 2, 1, 0, 11, 2, 6, 7, 14, 7, 4, 7, 9, 14, 6, 2, 4, 11, 7, 15, 11, 0, 5, 10, 10, 13, 8, 8, 11, 15, 8, 12, 11, 5, 7, 0, 8, 0, 3, 8, 10, 3, 4, 11, 14, 8, 5, 15, 4, 8, 1, 8, 15, 9, 8, 14, 3, 7, 3, 2, 15, 6, 4, 3, 7, 1, 1, 15, 11, 11, 3, 2, 6, 11, 5, 12, 0, 6, 2, 5, 13, 10, 1, 6, 9, 13, 5, 13, 3, 11, 4, 3, 13, 1, 1, 11, 8, 13, 4, 14, 6, 14, 15, 14, 10, 12, 4, 15, 8, 7, 
>> seq 72
11, 12, 8, 14, 7, 3, 6, 0, 12, 4, 4, 2, 4, 6, 6, 7, 15, 1, 8, 2, 1, 0, 11, 2, 6, 7, 14, 7, 4, 7, 9, 14, 6, 2, 4, 11, 7, 15, 11, 0, 5, 10, 10, 13, 8, 8, 11, 15, 8, 12, 11, 5, 7, 0, 8, 0, 3, 8, 10, 3, 4, 11, 14, 8, 5, 15, 4, 8, 1, 8, 15, 9, 8, 14, 3, 7, 3, 2, 15, 6, 4, 3, 7, 1, 1, 15, 11, 11, 3, 2, 6, 11, 5, 12, 0, 6, 2, 5, 13, 10, 1, 6, 9, 13, 5, 13, 3, 11, 4, 3, 13, 1, 1, 11, 8, 13, 4, 14, 6, 14, 15, 14, 10, 12, 4, 15, 8, 7, 
>> seq 73
11, 12, 8, 14, 7, 3, 6, 0, 12, 4, 4, 2, 4, 6, 6, 7, 15, 1, 8, 2, 1, 0, 11, 2, 6, 7, 14, 7, 4, 7, 9, 14, 6, 2, 4, 11, 7, 15, 11, 0, 5, 10, 10, 13, 8, 8, 11, 15, 8, 12, 11, 5, 7, 0, 8, 0, 3, 8, 10, 3, 4, 11, 14, 8, 5, 15, 4, 8, 1, 8, 15, 9, 8, 14, 3, 7, 3, 2, 15, 6, 4, 3, 7, 1, 1, 15, 11, 11, 3, 2, 6, 11, 5, 12, 0, 6, 2, 5, 13, 10, 1, 6, 9, 13, 5, 13, 3, 11, 4, 3, 13, 1, 1, 11, 8, 13, 4, 14, 6, 14, 15, 14, 10, 12, 4, 15, 8, 7, 
>> seq 74
11, 12, 8, 14, 7, 3, 6, 0, 12, 4, 4, 2, 4, 6, 6, 7, 15, 1, 8, 2, 1, 0, 11, 2, 6, 7, 14, 7, 4, 7, 9, 14, 6, 2, 4, 11, 7, 15, 11, 0, 5, 10, 10, 13, 8, 8, 11, 15, 8, 12, 11, 5, 7, 0, 8, 0, 3, 8, 10, 3, 4, 11, 14, 8, 5, 15, 4, 8, 1, 8, 15, 9, 8, 14, 3, 7, 3, 2, 15, 6, 4, 3, 7, 1, 1, 15, 11, 11, 3, 2, 6, 11, 5, 12, 0, 6, 2, 5, 13, 10, 1, 6, 9, 13, 5, 13, 3, 11, 4, 3, 13, 1, 1, 11, 8, 13, 4, 14, 6, 14, 15, 14, 10, 12, 4, 15, 8, 7, 
>> seq 75
11, 12, 8, 14, 7, 3, 6, 0, 12, 4, 4, 2, 4, 6, 6, 7, 15, 1, 8, 2, 1, 0, 11, 2, 6, 7, 14, 7, 4, 7, 9, 14, 6, 2, 4, 11, 7, 15, 11, 0, 5, 10, 10, 13, 8, 8, 11, 15, 8, 12, 11, 5, 7, 0, 8, 0, 3, 8, 10, 3, 4, 11, 14, 8, 5, 15, 4, 8, 1, 8, 15, 9, 8, 14, 3, 7, 3, 2, 15, 6, 4, 3, 7, 1, 1, 15, 11, 11, 3, 2, 6, 11, 5, 12, 0, 6, 2, 5, 13, 10, 1, 6, 9, 13, 5, 13, 3, 11, 4, 3, 13, 1, 1, 11, 8, 13, 4, 14, 6, 14, 15, 14, 10, 12, 4, 15, 8, 7, 
>> seq 76
11, 12, 8, 14, 7, 3, 6, 0, 12, 4, 4, 2, 4, 6, 6, 7, 15, 1, 8, 2, 1, 0, 11, 2, 6, 7, 14, 7, 4, 7, 9, 14, 6, 2, 4, 11, 7, 15, 11, 0, 5, 10, 10, 13, 8, 8, 11, 15, 8, 12, 11, 5, 7, 0, 8, 0, 3, 8, 10, 3, 4, 11, 14, 8, 5, 15, 4, 8, 1, 8, 15, 9, 8, 14, 3, 7, 3, 2, 15, 6, 4, 3, 7, 1, 1, 15, 11, 11, 3, 2, 6, 11, 5, 12, 0, 6, 2, 5, 13, 10, 1, 6, 9, 13, 5, 13, 3, 11, 4, 3, 13, 1, 1, 11, 8, 13, 4, 14, 6, 14, 15, 14, 10, 12, 4, 15, 8, 7, 
>> seq 77
11, 12, 8, 14, 7, 3, 6, 0, 12, 4, 4, 2, 4, 6, 6, 7, 15, 1, 8, 2, 1, 0, 11, 2, 6, 7, 14, 7, 4, 7, 9, 14, 6, 2, 4, 11, 7, 15, 11, 0, 5, 10, 10, 13, 8, 8, 11, 15, 8, 12, 11, 5, 7, 0, 8, 0, 3, 8, 10, 3, 4, 11, 14, 8, 5, 15, 4, 8, 1, 8, 15, 9, 8, 14, 3, 7, 3, 2, 15, 6, 4, 3, 7, 1, 1, 15, 11, 11, 3, 2, 6, 11, 5, 12, 0, 6, 2, 5, 13, 10, 1, 6, 9, 13, 5, 13, 3, 11, 4, 3, 13, 1, 1, 11, 8, 13, 4, 14, 6, 14, 15, 14, 10, 12, 4, 15, 8, 7, 
>> seq 78
11, 12, 8, 14, 7, 3, 6, 0, 12, 4, 4, 2, 4, 6, 6, 7, 15, 1, 8, 2, 1, 0, 11, 2, 6, 7, 14, 7, 4, 7, 9, 14, 6, 2, 4, 11, 7, 15, 11, 0, 5, 10, 10, 13, 8, 8, 11, 15, 8, 12, 11, 5, 7, 0, 8, 0, 3, 8, 10, 3, 4, 11, 14, 8, 5, 15, 4, 8, 1, 8, 15, 9, 8, 14, 3, 7, 3, 2, 15, 6, 4, 3, 7, 1, 1, 15, 11, 11, 3, 2, 6, 11, 5, 12, 0, 6, 2, 5, 13, 10, 1, 6, 9, 13, 5, 13, 3, 11, 4, 3, 13, 1, 1, 11, 8, 13, 4, 14, 6, 14, 15, 14, 10, 12, 4, 15, 8, 7, 
>> seq 79
11, 12, 8, 14, 7, 3, 6, 0, 12, 4, 4, 2, 4, 6, 6, 7, 15, 1, 8, 2, 1, 0, 11, 2, 6, 7, 14, 7, 4, 7, 9, 14, 6, 2, 4, 11, 7, 15, 11, 0, 5, 10, 10, 13, 8, 8, 11, 15, 8, 12, 11, 5, 7, 0, 8, 0, 3, 8, 10, 3, 4, 11, 14, 8, 5, 15, 4, 8, 1, 8, 15, 9, 8, 14, 3, 7, 3, 2, 15, 6, 4, 3, 7, 1, 1, 15, 11, 11, 3, 2, 6, 11, 5, 12, 0, 6, 2, 5, 13, 10, 1, 6, 9, 13, 5, 13, 3, 11, 4, 3, 13, 1, 1, 11, 8, 13, 4, 14, 6, 14, 15, 14, 10, 12, 4, 15, 8, 7, 
>> seq 80
11, 12, 8, 14, 7, 3, 6, 0, 12, 4, 4, 2, 4, 6, 6, 7, 15, 1, 8, 2, 1, 0, 11, 2, 6, 7, 14, 7, 4, 7, 9, 14, 6, 2, 4, 11, 7, 15, 11, 0, 5, 10, 10, 13, 8, 8, 11, 15, 8, 12, 11, 5, 7, 0, 8, 0, 3, 8, 10, 3, 4, 11, 14, 8, 5, 15, 4, 8, 1, 8, 15, 9, 8, 14, 3, 7, 3, 2, 15, 6, 4, 3, 7, 1, 1, 15, 11, 11, 3, 2, 6, 11, 5, 12, 0, 6, 2, 5, 13, 10, 1, 6, 9, 13, 5, 13, 3, 11, 4, 3, 13, 1, 1, 11, 8, 13, 4, 14, 6, 14, 15, 14, 10, 12, 4, 15, 8, 7, 
>> seq 81
11, 12, 8, 14, 7, 3, 6, 0, 12, 4, 4, 2, 4, 6, 6, 7, 15, 1, 8, 2, 1, 0, 11, 2, 6, 7, 14, 7, 4, 7, 9, 14, 6, 2, 4, 11, 7, 15, 11, 0, 5, 10, 10, 13, 8, 8, 11, 15, 8, 12, 11, 5, 7, 0, 8, 0, 3, 8, 10, 3, 4, 11, 14, 8, 5, 15, 4, 8, 1, 8, 15, 9, 8, 14, 3, 7, 3, 2, 15, 6, 4, 3, 7, 1, 1, 15, 11, 11, 3, 2, 6, 11, 5, 12, 0, 6, 2, 5, 13, 10, 1, 6, 9, 13, 5, 13, 3, 11, 4, 3, 13, 1, 1, 11, 8, 13, 4, 14, 6, 14, 15, 14, 10, 12, 4, 15, 8, 7, 
>> seq 82
11, 12, 8, 14, 7, 3, 6, 0, 12, 4, 4, 2, 4, 6, 6, 7, 15, 1, 8, 2, 1, 0, 11, 2, 6, 7, 14, 7, 4, 7, 9, 14, 6, 2, 4, 11, 7, 15, 11, 0, 5, 10, 10, 13, 8, 8, 11, 15, 8, 12, 11, 5, 7, 0, 8, 0, 3, 8, 10, 3, 4, 11, 14, 8, 5, 15, 4, 8, 1, 8, 15, 9, 8, 14, 3, 7, 3, 2, 15, 6, 4, 3, 7, 1, 1, 15, 11, 11, 3, 2, 6, 11, 5, 12, 0, 6, 2, 5, 13, 10, 1, 6, 9, 13, 5, 13, 3, 11, 4, 3, 13, 1, 1, 11, 8, 13, 4, 14, 6, 14, 15, 14, 10, 12, 4, 15, 8, 7, 
>> seq 83
11, 12, 8, 14, 7, 3, 6, 0, 12, 4, 4, 2, 4, 6, 6, 7, 15, 1, 8, 2, 1, 0, 11, 2, 6, 7, 14, 7, 4, 7, 9, 14, 6, 2, 4, 11, 7, 15, 11, 0, 5, 10, 10, 13, 8, 8, 11, 15, 8, 12, 11, 5, 7, 0, 8, 0, 3, 8, 10, 3, 4, 11, 14, 8, 5, 15, 4, 8, 1, 8, 15, 9, 8, 14, 3, 7, 3, 2, 15, 6, 4, 3, 7, 1, 1, 15, 11, 11, 3, 2, 6, 11, 5, 12, 0, 6, 2, 5, 13, 10, 1, 6, 9, 13, 5, 13, 3, 11, 4, 3, 13, 1, 1, 11, 8, 13, 4, 14, 6, 14, 15, 14, 10, 12, 4, 15, 8, 7, 
>> seq 84
11, 12, 8, 14, 7, 3, 6, 0, 12, 4, 4, 2, 4, 6, 6, 7, 15, 1, 8, 2, 1, 0, 11, 2, 6, 7, 14, 7, 4, 7, 9, 14, 6, 2, 4, 11, 7, 15, 11, 0, 5, 10, 10, 13, 8, 8, 11, 15, 8, 12, 11, 5, 7, 0, 8, 0, 3, 8, 10, 3, 4, 11, 14, 8, 5, 15, 4, 8, 1, 8, 15, 9, 8, 14, 3, 7, 3, 2, 15, 6, 4, 3, 7, 1, 1, 15, 11, 11, 3, 2, 6, 11, 5, 12, 0, 6, 2, 5, 13, 10, 1, 6, 9, 13, 5, 13, 3, 11, 4, 3, 13, 1, 1, 11, 8, 13, 4, 14, 6, 14, 15, 14, 10, 12, 4, 15, 8, 7, 
>> seq 85
11, 12, 8, 14, 7, 3, 6, 0, 12, 4, 4, 2, 4, 6, 6, 7, 15, 1, 8, 2, 1, 0, 11, 2, 6, 7, 14, 7, 4, 7, 9, 14, 6, 2, 4, 11, 7, 15, 11, 0, 5, 10, 10, 13, 8, 8, 11, 15, 8, 12, 11, 5, 7, 0, 8, 0, 3, 8, 10, 3, 4, 11, 14, 8, 5, 15, 4, 8, 1, 8, 15, 9, 8, 14, 3, 7, 3, 2, 15, 6, 4, 3, 7, 1, 1, 15, 11, 11, 3, 2, 6, 11, 5, 12, 0, 6, 2, 5, 13, 10, 1, 6, 9, 13, 5, 13, 3, 11, 4, 3, 13, 1, 1, 11, 8, 13, 4, 14, 6, 14, 15, 14, 10, 12, 4, 15, 8, 7, 
>> seq 86
11, 12, 8, 14, 7, 3, 6, 0, 12, 4, 4, 2, 4, 6, 6, 7, 15, 1, 8, 2, 1, 0, 11, 2, 6, 7, 14, 7, 4, 7, 9, 14, 6, 2, 4, 11, 7, 15, 11, 0, 5, 10, 10, 13, 8, 8, 11, 15, 8, 12, 11, 5, 7, 0, 8, 0, 3, 8, 10, 3, 4, 11, 14, 8, 5, 15, 4, 8, 1, 8, 15, 9, 8, 14, 3, 7, 3, 2, 15, 6, 4, 3, 7, 1, 1, 15, 11, 11, 3, 2, 6, 11, 5, 12, 0, 6, 2, 5, 13, 10, 1, 6, 9, 13, 5, 13, 3, 11, 4, 3, 13, 1, 1, 11, 8, 13, 4, 14, 6, 14, 15, 14, 10, 12, 4, 15, 8, 7, 
>> seq 87
11, 12, 8, 14, 7, 3, 6, 0, 12, 4, 4, 2, 4, 6, 6, 7, 15, 1, 8, 2, 1, 0, 11, 2, 6, 7, 14, 7, 4, 7, 9, 14, 6, 2, 4, 11, 7, 15, 11, 0, 5, 10, 10, 13, 8, 8, 11, 15, 8, 12, 11, 5, 7, 0, 8, 0, 3, 8, 10, 3, 4, 11, 14, 8, 5, 15, 4, 8, 1, 8, 15, 9, 8, 14, 3, 7, 3, 2, 15, 6, 4, 3, 7, 1, 1, 15, 11, 11, 3, 2, 6, 11, 5, 12, 0, 6, 2, 5, 13, 10, 1, 6, 9, 13, 5, 13, 3, 11, 4, 3, 13, 1, 1, 11, 8, 13, 4, 14, 6, 14, 15, 14, 10, 12, 4, 15, 8, 7, 
>> seq 88
11, 12, 8, 14, 7, 3, 6, 0, 12, 4, 4, 2, 4, 6, 6, 7, 15, 1, 8, 2, 1, 0, 11, 2, 6, 7, 14, 7, 4, 7, 9, 14, 6, 2, 4, 11, 7, 15, 11, 0, 5, 10, 10, 13, 8, 8, 11, 15, 8, 12, 11, 5, 7, 0, 8, 0, 3, 8, 10, 3, 4, 11, 14, 8, 5, 15, 4, 8, 1, 8, 15, 9, 8, 14, 3, 7, 3, 2, 15, 6, 4, 3, 7, 1, 1, 15, 11, 11, 3, 2, 6, 11, 5, 12, 0, 6, 2, 5, 13, 10, 1, 6, 9, 13, 5, 13, 3, 11, 4, 3, 13, 1, 1, 11, 8, 13, 4, 14, 6, 14, 15, 14, 10, 12, 4, 15, 8, 7, 
>> seq 89
11, 12, 8, 14, 7, 3, 6, 0, 12, 4, 4, 2, 4, 6, 6, 7, 15, 1, 8, 2, 1, 0, 11, 2, 6, 7, 14, 7, 4, 7, 9, 14, 6, 2, 4, 11, 7, 15, 11, 0, 5, 10, 10, 13, 8, 8, 11, 15, 8, 12, 11, 5, 7, 0, 8, 0, 3, 8, 10, 3, 4, 11, 14, 8, 5, 15, 4, 8, 1, 8, 15, 9, 8, 14, 3, 7, 3, 2, 15, 6, 4, 3, 7, 1, 1, 15, 11, 11, 3, 2, 6, 11, 5, 12, 0, 6, 2, 5, 13, 10, 1, 6, 9, 13, 5, 13, 3, 11, 4, 3, 13, 1, 1, 11, 8, 13, 4, 14, 6, 14, 15, 14, 10, 12, 4, 15, 8, 7, 
>> seq 90
11, 12, 8, 14, 7, 3, 6, 0, 12, 4, 4, 2, 4, 6, 6, 7, 15, 1, 8, 2, 1, 0, 11, 2, 6, 7, 14, 7, 4, 7, 9, 14, 6, 2, 4, 11, 7, 15, 11, 0, 5, 10, 10, 13, 8, 8, 11, 15, 8, 12, 11, 5, 7, 0, 8, 0, 3, 8, 10, 3, 4, 11, 14, 8, 5, 15, 4, 8, 1, 8, 15, 9, 8, 14, 3, 7, 3, 2, 15, 6, 4, 3, 7, 1, 1, 15, 11, 11, 3, 2, 6, 11, 5, 12, 0, 6, 2, 5, 13, 10, 1, 6, 9, 13, 5, 13, 3, 11, 4, 3, 13, 1, 1, 11, 8, 13, 4, 14, 6, 14, 15, 14, 10, 12, 4, 15, 8, 7, 
>> seq 91
11, 12, 8, 14, 7, 3, 6, 0, 12, 4, 4, 2, 4, 6, 6, 7, 15, 1, 8, 2, 1, 0, 11, 2, 6, 7, 14, 7, 4, 7, 9, 14, 6, 2, 4, 11, 7, 15, 11, 0, 5, 10, 10, 13, 8, 8, 11, 15, 8, 12, 11, 5, 7, 0, 8, 0, 3, 8, 10, 3, 4, 11, 14, 8, 5, 15, 4, 8, 1, 8, 15, 9, 8, 14, 3, 7, 3, 2, 15, 6, 4, 3, 7, 1, 1, 15, 11, 11, 3, 2, 6, 11, 5, 12, 0, 6, 2, 5, 13, 10, 1, 6, 9, 13, 5, 13, 3, 11, 4, 3, 13, 1, 1, 11, 8, 13, 4, 14, 6, 14, 15, 14, 10, 12, 4, 15, 8, 7, 
>> seq 92
11, 12, 8, 14, 7, 3, 6, 0, 12, 4, 4, 2, 4, 6, 6, 7, 15, 1, 8, 2, 1, 0, 11, 2, 6, 7, 14, 7, 4, 7, 9, 14, 6, 2, 4, 11, 7, 15, 11, 0, 5, 10, 10, 13, 8, 8, 11, 15, 8, 12, 11, 5, 7, 0, 8, 0, 3, 8, 10, 3, 4, 11, 14, 8, 5, 15, 4, 8, 1, 8, 15, 9, 8, 14, 3, 7, 3, 2, 15, 6, 4, 3, 7, 1, 1, 15, 11, 11, 3, 2, 6, 11, 5, 12, 0, 6, 2, 5, 13, 10, 1, 6, 9, 13, 5, 13, 3, 11, 4, 3, 13, 1, 1, 11, 8, 13, 4, 14, 6, 14, 15, 14, 10, 12, 4, 15, 8, 7, 
>> seq 93
11, 12, 8, 14, 7, 3, 6, 0, 12, 4, 4, 2, 4, 6, 6, 7, 15, 1, 8, 2, 1, 0, 11, 2, 6, 7, 14, 7, 4, 7, 9, 14, 6, 2, 4, 11, 7, 15, 11, 0, 5, 10, 10, 13, 8, 8, 11, 15, 8, 12, 11, 5, 7, 0, 8, 0, 3, 8, 10, 3, 4, 11, 14, 8, 5, 15, 4, 8, 1, 8, 15, 9, 8, 14, 3, 7, 3, 2, 15, 6, 4, 3, 7, 1, 1, 15, 11, 11, 3, 2, 6, 11, 5, 12, 0, 6, 2, 5, 13, 10, 1, 6, 9, 13, 5, 13, 3, 11, 4, 3, 13, 1, 1, 11, 8, 13, 4, 14, 6, 14, 15, 14, 10, 12, 4, 15, 8, 7, 
>> seq 94
11, 12, 8, 14, 7, 3, 6, 0, 12, 4, 4, 2, 4, 6, 6, 7, 15, 1, 8, 2, 1, 0, 11, 2, 6, 7, 14, 7, 4, 7, 9, 14, 6, 2, 4, 11, 7, 15, 11, 0, 5, 10, 10, 13, 8, 8, 11, 15, 8, 12, 11, 5, 7, 0, 8, 0, 3, 8, 10, 3, 4, 11, 14, 8, 5, 15, 4, 8, 1, 8, 15, 9, 8, 14, 3, 7, 3, 2, 15, 6, 4, 3, 7, 1, 1, 15, 11, 11, 3, 2, 6, 11, 5, 12, 0, 6, 2, 5, 13, 10, 1, 6, 9, 13, 5, 13, 3, 11, 4, 3, 13, 1, 1, 11, 8, 13, 4, 14, 6, 14, 15, 14, 10, 12, 4, 15, 8, 7, 
>> seq 95
11, 12, 8, 14, 7, 3, 6, 0, 12, 4, 4, 2, 4, 6, 6, 7, 15, 1, 8, 2, 1, 0, 11, 2, 6, 7, 14, 7, 4, 7, 9, 14, 6, 2, 4, 11, 7, 15, 11, 0, 5, 10, 10, 13, 8, 8, 11, 15, 8, 12, 11, 5, 7, 0, 8, 0, 3, 8, 10, 3, 4, 11, 14, 8, 5, 15, 4, 8, 1, 8, 15, 9, 8, 14, 3, 7, 3, 2, 15, 6, 4, 3, 7, 1, 1, 15, 11, 11, 3, 2, 6, 11, 5, 12, 0, 6, 2, 5, 13, 10, 1, 6, 9, 13, 5, 13, 3, 11, 4, 3, 13, 1, 1, 11, 8, 13, 4, 14, 6, 14, 15, 14, 10, 12, 4, 15, 8, 7, 
>> seq 96
11, 12, 8, 14, 7, 3, 6, 0, 12, 4, 4, 2, 4, 6, 6, 7, 15, 1, 8, 2, 1, 0, 11, 2, 6, 7, 14, 7, 4, 7, 9, 14, 6, 2, 4, 11, 7, 15, 11, 0, 5, 10, 10, 13, 8, 8, 11, 15, 8, 12, 11, 5, 7, 0, 8, 0, 3, 8, 10, 3, 4, 11, 14, 8, 5, 15, 4, 8, 1, 8, 15, 9, 8, 14, 3, 7, 3, 2, 15, 6, 4, 3, 7, 1, 1, 15, 11, 11, 3, 2, 6, 11, 5, 12, 0, 6, 2, 5, 13, 10, 1, 6, 9, 13, 5, 13, 3, 11, 4, 3, 13, 1, 1, 11, 8, 13, 4, 14, 6, 14, 15, 14, 10, 12, 4, 15, 8, 7, 
>> seq 97
11, 12, 8, 14, 7, 3, 6, 0, 12, 4, 4, 2, 4, 6, 6, 7, 15, 1, 8, 2, 1, 0, 11, 2, 6, 7, 14, 7, 4, 7, 9, 14, 6, 2, 4, 11, 7, 15, 11, 0, 5, 10, 10, 13, 8, 8, 11, 15, 8, 12, 11, 5, 7, 0, 8, 0, 3, 8, 10, 3, 4, 11, 14, 8, 5, 15, 4, 8, 1, 8, 15, 9, 8, 14, 3, 7, 3, 2, 15, 6, 4, 3, 7, 1, 1, 15, 11, 11, 3, 2, 6, 11, 5, 12, 0, 6, 2, 5, 13, 10, 1, 6, 9, 13, 5, 13, 3, 11, 4, 3, 13, 1, 1, 11, 8, 13, 4, 14, 6, 14, 15, 14, 10, 12, 4, 15, 8, 7, 
>> seq 98
11, 12, 8, 14, 7, 3, 6, 0, 12, 4, 4, 2, 4, 6, 6, 7, 15, 1, 8, 2, 1, 0, 11, 2, 6, 7, 14, 7, 4, 7, 9, 14, 6, 2, 4, 11, 7, 15, 11, 0, 5, 10, 10, 13, 8, 8, 11, 15, 8, 12, 11, 5, 7, 0, 8, 0, 3, 8, 10, 3, 4, 11, 14, 8, 5, 15, 4, 8, 1, 8, 15, 9, 8, 14, 3, 7, 3, 2, 15, 6, 4, 3, 7, 1, 1, 15, 11, 11, 3, 2, 6, 11, 5, 12, 0, 6, 2, 5, 13, 10, 1, 6, 9, 13, 5, 13, 3, 11, 4, 3, 13, 1, 1, 11, 8, 13, 4, 14, 6, 14, 15, 14, 10, 12, 4, 15, 8, 7, 
>> seq 99
11, 12, 8, 14, 7, 3, 6, 0, 12, 4, 4, 2, 4, 6, 6, 7, 15, 1, 8, 2, 1, 0, 11, 2, 6, 7, 14, 7, 4, 7, 9, 14, 6, 2, 4, 11, 7, 15, 11, 0, 5, 10, 10, 13, 8, 8, 11, 15, 8, 12, 11, 5, 7, 0, 8, 0, 3, 8, 10, 3, 4, 11, 14, 8, 5, 15, 4, 8, 1, 8, 15, 9, 8, 14, 3, 7, 3, 2, 15, 6, 4, 3, 7, 1, 1, 15, 11, 11, 3, 2, 6, 11, 5, 12, 0, 6, 2, 5, 13, 10, 1, 6, 9, 13, 5, 13, 3, 11, 4, 3, 13, 1, 1, 11, 8, 13, 4, 14, 6, 14, 15, 14, 10, 12, 4, 15, 8, 7, 
>> seq 100
11, 12, 8, 14, 7, 3, 6, 0, 12, 4, 4, 2, 4, 6, 6, 7, 15, 1, 8, 2, 1, 0, 11, 2, 6, 7, 14, 7, 4, 7, 9, 14, 6, 2, 4, 11, 7, 15, 11, 0, 5, 10, 10, 13, 8, 8, 11, 15, 8, 12, 11, 5, 7, 0, 8, 0, 3, 8, 10, 3, 4, 11, 14, 8, 5, 15, 4, 8, 1, 8, 15, 9, 8, 14, 3, 7, 3, 2, 15, 6, 4, 3, 7, 1, 1, 15, 11, 11, 3, 2, 6, 11, 5, 12, 0, 6, 2, 5, 13, 10, 1, 6, 9, 13, 5, 13, 3, 11, 4, 3, 13, 1, 1, 11, 8, 13, 4, 14, 6, 14, 15, 14, 10, 12, 4, 15, 8, 7, 
>> seq 101
11, 12, 8, 14, 7, 3, 6, 0, 12, 4, 4, 2, 4, 6, 6, 7, 15, 1, 8, 2, 1, 0, 11, 2, 6, 7, 14, 7, 4, 7, 9, 14, 6, 2, 4, 11, 7, 15, 11, 0, 5, 10, 10, 13, 8, 8, 11, 15, 8, 12, 11, 5, 7, 0, 8, 0, 3, 8, 10, 3, 4, 11, 14, 8, 5, 15, 4, 8, 1, 8, 15, 9, 8, 14, 3, 7, 3, 2, 15, 6, 4, 3, 7, 1, 1, 15, 11, 11, 3, 2, 6, 11, 5, 12, 0, 6, 2, 5, 13, 10, 1, 6, 9, 13, 5, 13, 3, 11, 4, 3, 13, 1, 1, 11, 8, 13, 4, 14, 6, 14, 15, 14, 10, 12, 4, 15, 8, 7, 
>> seq 102
11, 12, 8, 14, 7, 3, 6, 0, 12, 4, 4, 2, 4, 6, 6, 7, 15, 1, 8, 2, 1, 0, 11, 2, 6, 7, 14, 7, 4, 7, 9, 14, 6, 2, 4, 11, 7, 15, 11, 0, 5, 10, 10, 13, 8, 8, 11, 15, 8, 12, 11, 5, 7, 0, 8, 0, 3, 8, 10, 3, 4, 11, 14, 8, 5, 15, 4, 8, 1, 8, 15, 9, 8, 14, 3, 7, 3, 2, 15, 6, 4, 3, 7, 1, 1, 15, 11, 11, 3, 2, 6, 11, 5, 12, 0, 6, 2, 5, 13, 10, 1, 6, 9, 13, 5, 13, 3, 11, 4, 3, 13, 1, 1, 11, 8, 13, 4, 14, 6, 14, 15, 14, 10, 12, 4, 15, 8, 7, 
>> seq 103
11, 12, 8, 14, 7, 3, 6, 0, 12, 4, 4, 2, 4, 6, 6, 7, 15, 1, 8, 2, 1, 0, 11, 2, 6, 7, 14, 7, 4, 7, 9, 14, 6, 2, 4, 11, 7, 15, 11, 0, 5, 10, 10, 13, 8, 8, 11, 15, 8, 12, 11, 5, 7, 0, 8, 0, 3, 8, 10, 3, 4, 11, 14, 8, 5, 15, 4, 8, 1, 8, 15, 9, 8, 14, 3, 7, 3, 2, 15, 6, 4, 3, 7, 1, 1, 15, 11, 11, 3, 2, 6, 11, 5, 12, 0, 6, 2, 5, 13, 10, 1, 6, 9, 13, 5, 13, 3, 11, 4, 3, 13, 1, 1, 11, 8, 13, 4, 14, 6, 14, 15, 14, 10, 12, 4, 15, 8, 7, 
>> seq 104
11, 12, 8, 14, 7, 3, 6, 0, 12, 4, 4, 2, 4, 6, 6, 7, 15, 1, 8, 2, 1, 0, 11, 2, 6, 7, 14, 7, 4, 7, 9, 14, 6, 2, 4, 11, 7, 15, 11, 0, 5, 10, 10, 13, 8, 8, 11, 15, 8, 12, 11, 5, 7, 0, 8, 0, 3, 8, 10, 3, 4, 11, 14, 8, 5, 15, 4, 8, 1, 8, 15, 9, 8, 14, 3, 7, 3, 2, 15, 6, 4, 3, 7, 1, 1, 15, 11, 11, 3, 2, 6, 11, 5, 12, 0, 6, 2, 5, 13, 10, 1, 6, 9, 13, 5, 13, 3, 11, 4, 3, 13, 1, 1, 11, 8, 13, 4, 14, 6, 14, 15, 14, 10, 12, 4, 15, 8, 7, 
>> seq 105
11, 12, 8, 14, 7, 3, 6, 0, 12, 4, 4, 2, 4, 6, 6, 7, 15, 1, 8, 2, 1, 0, 11, 2, 6, 7, 14, 7, 4, 7, 9, 14, 6, 2, 4, 11, 7, 15, 11, 0, 5, 10, 10, 13, 8, 8, 11, 15, 8, 12, 11, 5, 7, 0, 8, 0, 3, 8, 10, 3, 4, 11, 14, 8, 5, 15, 4, 8, 1, 8, 15, 9, 8, 14, 3, 7, 3, 2, 15, 6, 4, 3, 7, 1, 1, 15, 11, 11, 3, 2, 6, 11, 5, 12, 0, 6, 2, 5, 13, 10, 1, 6, 9, 13, 5, 13, 3, 11, 4, 3, 13, 1, 1, 11, 8, 13, 4, 14, 6, 14, 15, 14, 10, 12, 4, 15, 8, 7, 
>> seq 106
11, 12, 8, 14, 7, 3, 6, 0, 12, 4, 4, 2, 4, 6, 6, 7, 15, 1, 8, 2, 1, 0, 11, 2, 6, 7, 14, 7, 4, 7, 9, 14, 6, 2, 4, 11, 7, 15, 11, 0, 5, 10, 10, 13, 8, 8, 11, 15, 8, 12, 11, 5, 7, 0, 8, 0, 3, 8, 10, 3, 4, 11, 14, 8, 5, 15, 4, 8, 1, 8, 15, 9, 8, 14, 3, 7, 3, 2, 15, 6, 4, 3, 7, 1, 1, 15, 11, 11, 3, 2, 6, 11, 5, 12, 0, 6, 2, 5, 13, 10, 1, 6, 9, 13, 5, 13, 3, 11, 4, 3, 13, 1, 1, 11, 8, 13, 4, 14, 6, 14, 15, 14, 10, 12, 4, 15, 8, 7, 
>> seq 107
11, 12, 8, 14, 7, 3, 6, 0, 12, 4, 4, 2, 4, 6, 6, 7, 15, 1, 8, 2, 1, 0, 11, 2, 6, 7, 14, 7, 4, 7, 9, 14, 6, 2, 4, 11, 7, 15, 11, 0, 5, 10, 10, 13, 8, 8, 11, 15, 8, 12, 11, 5, 7, 0, 8, 0, 3, 8, 10, 3, 4, 11, 14, 8, 5, 15, 4, 8, 1, 8, 15, 9, 8, 14, 3, 7, 3, 2, 15, 6, 4, 3, 7, 1, 1, 15, 11, 11, 3, 2, 6, 11, 5, 12, 0, 6, 2, 5, 13, 10, 1, 6, 9, 13, 5, 13, 3, 11, 4, 3, 13, 1, 1, 11, 8, 13, 4, 14, 6, 14, 15, 14, 10, 12, 4, 15, 8, 7, 
>> seq 108
11, 12, 8, 14, 7, 3, 6, 0, 12, 4, 4, 2, 4, 6, 6, 7, 15, 1, 8, 2, 1, 0, 11, 2, 6, 7, 14, 7, 4, 7, 9, 14, 6, 2, 4, 11, 7, 15, 11, 0, 5, 10, 10, 13, 8, 8, 11, 15, 8, 12, 11, 5, 7, 0, 8, 0, 3, 8, 10, 3, 4, 11, 14, 8, 5, 15, 4, 8, 1, 8, 15, 9, 8, 14, 3, 7, 3, 2, 15, 6, 4, 3, 7, 1, 1, 15, 11, 11, 3, 2, 6, 11, 5, 12, 0, 6, 2, 5, 13, 10, 1, 6, 9, 13, 5, 13, 3, 11, 4, 3, 13, 1, 1, 11, 8, 13, 4, 14, 6, 14, 15, 14, 10, 12, 4, 15, 8, 7, 
>> seq 109
11, 12, 8, 14, 7, 3, 6, 0, 12, 4, 4, 2, 4, 6, 6, 7, 15, 1, 8, 2, 1, 0, 11, 2, 6, 7, 14, 7, 4, 7, 9, 14, 6, 2, 4, 11, 7, 15, 11, 0, 5, 10, 10, 13, 8, 8, 11, 15, 8, 12, 11, 5, 7, 0, 8, 0, 3, 8, 10, 3, 4, 11, 14, 8, 5, 15, 4, 8, 1, 8, 15, 9, 8, 14, 3, 7, 3, 2, 15, 6, 4, 3, 7, 1, 1, 15, 11, 11, 3, 2, 6, 11, 5, 12, 0, 6, 2, 5, 13, 10, 1, 6, 9, 13, 5, 13, 3, 11, 4, 3, 13, 1, 1, 11, 8, 13, 4, 14, 6, 14, 15, 14, 10, 12, 4, 15, 8, 7, 
>> seq 110
11, 12, 8, 14, 7, 3, 6, 0, 12, 4, 4, 2, 4, 6, 6, 7, 15, 1, 8, 2, 1, 0, 11, 2, 6, 7, 14, 7, 4, 7, 9, 14, 6, 2, 4, 11, 7, 15, 11, 0, 5, 10, 10, 13, 8, 8, 11, 15, 8, 12, 11, 5, 7, 0, 8, 0, 3, 8, 10, 3, 4, 11, 14, 8, 5, 15, 4, 8, 1, 8, 15, 9, 8, 14, 3, 7, 3, 2, 15, 6, 4, 3, 7, 1, 1, 15, 11, 11, 3, 2, 6, 11, 5, 12, 0, 6, 2, 5, 13, 10, 1, 6, 9, 13, 5, 13, 3, 11, 4, 3, 13, 1, 1, 11, 8, 13, 4, 14, 6, 14, 15, 14, 10, 12, 4, 15, 8, 7, 
>> seq 111
11, 12, 8, 14, 7, 3, 6, 0, 12, 4, 4, 2, 4, 6, 6, 7, 15, 1, 8, 2, 1, 0, 11, 2, 6, 7, 14, 7, 4, 7, 9, 14, 6, 2, 4, 11, 7, 15, 11, 0, 5, 10, 10, 13, 8, 8, 11, 15, 8, 12, 11, 5, 7, 0, 8, 0, 3, 8, 10, 3, 4, 11, 14, 8, 5, 15, 4, 8, 1, 8, 15, 9, 8, 14, 3, 7, 3, 2, 15, 6, 4, 3, 7, 1, 1, 15, 11, 11, 3, 2, 6, 11, 5, 12, 0, 6, 2, 5, 13, 10, 1, 6, 9, 13, 5, 13, 3, 11, 4, 3, 13, 1, 1, 11, 8, 13, 4, 14, 6, 14, 15, 14, 10, 12, 4, 15, 8, 7, 
>> seq 112
11, 12, 8, 14, 7, 3, 6, 0, 12, 4, 4, 2, 4, 6, 6, 7, 15, 1, 8, 2, 1, 0, 11, 2, 6, 7, 14, 7, 4, 7, 9, 14, 6, 2, 4, 11, 7, 15, 11, 0, 5, 10, 10, 13, 8, 8, 11, 15, 8, 12, 11, 5, 7, 0, 8, 0, 3, 8, 10, 3, 4, 11, 14, 8, 5, 15, 4, 8, 1, 8, 15, 9, 8, 14, 3, 7, 3, 2, 15, 6, 4, 3, 7, 1, 1, 15, 11, 11, 3, 2, 6, 11, 5, 12, 0, 6, 2, 5, 13, 10, 1, 6, 9, 13, 5, 13, 3, 11, 4, 3, 13, 1, 1, 11, 8, 13, 4, 14, 6, 14, 15, 14, 10, 12, 4, 15, 8, 7, 
>> seq 113
11, 12, 8, 14, 7, 3, 6, 0, 12, 4, 4, 2, 4, 6, 6, 7, 15, 1, 8, 2, 1, 0, 11, 2, 6, 7, 14, 7, 4, 7, 9, 14, 6, 2, 4, 11, 7, 15, 11, 0, 5, 10, 10, 13, 8, 8, 11, 15, 8, 12, 11, 5, 7, 0, 8, 0, 3, 8, 10, 3, 4, 11, 14, 8, 5, 15, 4, 8, 1, 8, 15, 9, 8, 14, 3, 7, 3, 2, 15, 6, 4, 3, 7, 1, 1, 15, 11, 11, 3, 2, 6, 11, 5, 12, 0, 6, 2, 5, 13, 10, 1, 6, 9, 13, 5, 13, 3, 11, 4, 3, 13, 1, 1, 11, 8, 13, 4, 14, 6, 14, 15, 14, 10, 12, 4, 15, 8, 7, 
>> seq 114
11, 12, 8, 14, 7, 3, 6, 0, 12, 4, 4, 2, 4, 6, 6, 7, 15, 1, 8, 2, 1, 0, 11, 2, 6, 7, 14, 7, 4, 7, 9, 14, 6, 2, 4, 11, 7, 15, 11, 0, 5, 10, 10, 13, 8, 8, 11, 15, 8, 12, 11, 5, 7, 0, 8, 0, 3, 8, 10, 3, 4, 11, 14, 8, 5, 15, 4, 8, 1, 8, 15, 9, 8, 14, 3, 7, 3, 2, 15, 6, 4, 3, 7, 1, 1, 15, 11, 11, 3, 2, 6, 11, 5, 12, 0, 6, 2, 5, 13, 10, 1, 6, 9, 13, 5, 13, 3, 11, 4, 3, 13, 1, 1, 11, 8, 13, 4, 14, 6, 14, 15, 14, 10, 12, 4, 15, 8, 7, 
>> seq 115
11, 12, 8, 14, 7, 3, 6, 0, 12, 4, 4, 2, 4, 6, 6, 7, 15, 1, 8, 2, 1, 0, 11, 2, 6, 7, 14, 7, 4, 7, 9, 14, 6, 2, 4, 11, 7, 15, 11, 0, 5, 10, 10, 13, 8, 8, 11, 15, 8, 12, 11, 5, 7, 0, 8, 0, 3, 8, 10, 3, 4, 11, 14, 8, 5, 15, 4, 8, 1, 8, 15, 9, 8, 14, 3, 7, 3, 2, 15, 6, 4, 3, 7, 1, 1, 15, 11, 11, 3, 2, 6, 11, 5, 12, 0, 6, 2, 5, 13, 10, 1, 6, 9, 13, 5, 13, 3, 11, 4, 3, 13, 1, 1, 11, 8, 13, 4, 14, 6, 14, 15, 14, 10, 12, 4, 15, 8, 7, 
>> seq 116
11, 12, 8, 14, 7, 3, 6, 0, 12, 4, 4, 2, 4, 6, 6, 7, 15, 1, 8, 2, 1, 0, 11, 2, 6, 7, 14, 7, 4, 7, 9, 14, 6, 2, 4, 11, 7, 15, 11, 0, 5, 10, 10, 13, 8, 8, 11, 15, 8, 12, 11, 5, 7, 0, 8, 0, 3, 8, 10, 3, 4, 11, 14, 8, 5, 15, 4, 8, 1, 8, 15, 9, 8, 14, 3, 7, 3, 2, 15, 6, 4, 3, 7, 1, 1, 15, 11, 11, 3, 2, 6, 11, 5, 12, 0, 6, 2, 5, 13, 10, 1, 6, 9, 13, 5, 13, 3, 11, 4, 3, 13, 1, 1, 11, 8, 13, 4, 14, 6, 14, 15, 14, 10, 12, 4, 15, 8, 7, 
>> seq 117
11, 12, 8, 14, 7, 3, 6, 0, 12, 4, 4, 2, 4, 6, 6, 7, 15, 1, 8, 2, 1, 0, 11, 2, 6, 7, 14, 7, 4, 7, 9, 14, 6, 2, 4, 11, 7, 15, 11, 0, 5, 10, 10, 13, 8, 8, 11, 15, 8, 12, 11, 5, 7, 0, 8, 0, 3, 8, 10, 3, 4, 11, 14, 8, 5, 15, 4, 8, 1, 8, 15, 9, 8, 14, 3, 7, 3, 2, 15, 6, 4, 3, 7, 1, 1, 15, 11, 11, 3, 2, 6, 11, 5, 12, 0, 6, 2, 5, 13, 10, 1, 6, 9, 13, 5, 13, 3, 11, 4, 3, 13, 1, 1, 11, 8, 13, 4, 14, 6, 14, 15, 14, 10, 12, 4, 15, 8, 7, 
>> seq 118
11, 12, 8, 14, 7, 3, 6, 0, 12, 4, 4, 2, 4, 6, 6, 7, 15, 1, 8, 2, 1, 0, 11, 2, 6, 7, 14, 7, 4, 7, 9, 14, 6, 2, 4, 11, 7, 15, 11, 0, 5, 10, 10, 13, 8, 8, 11, 15, 8, 12, 11, 5, 7, 0, 8, 0, 3, 8, 10, 3, 4, 11, 14, 8, 5, 15, 4, 8, 1, 8, 15, 9, 8, 14, 3, 7, 3, 2, 15, 6, 4, 3, 7, 1, 1, 15, 11, 11, 3, 2, 6, 11, 5, 12, 0, 6, 2, 5, 13, 10, 1, 6, 9, 13, 5, 13, 3, 11, 4, 3, 13, 1, 1, 11, 8, 13, 4, 14, 6, 14, 15, 14, 10, 12, 4, 15, 8, 7, 
>> seq 119
11, 12, 8, 14, 7, 3, 6, 0, 12, 4, 4, 2, 4, 6, 6, 7, 15, 1, 8, 2, 1, 0, 11, 2, 6, 7, 14, 7, 4, 7, 9, 14, 6, 2, 4, 11, 7, 15, 11, 0, 5, 10, 10, 13, 8, 8, 11, 15, 8, 12, 11, 5, 7, 0, 8, 0, 3, 8, 10, 3, 4, 11, 14, 8, 5, 15, 4, 8, 1, 8, 15, 9, 8, 14, 3, 7, 3, 2, 15, 6, 4, 3, 7, 1, 1, 15, 11, 11, 3, 2, 6, 11, 5, 12, 0, 6, 2, 5, 13, 10, 1, 6, 9, 13, 5, 13, 3, 11, 4, 3, 13, 1, 1, 11, 8, 13, 4, 14, 6, 14, 15, 14, 10, 12, 4, 15, 8, 7, 
>> seq 120
11, 12, 8, 14, 7, 3, 6, 0, 12, 4, 4, 2, 4, 6, 6, 7, 15, 1, 8, 2, 1, 0, 11, 2, 6, 7, 14, 7, 4, 7, 9, 14, 6, 2, 4, 11, 7, 15, 11, 0, 5, 10, 10, 13, 8, 8, 11, 15, 8, 12, 11, 5, 7, 0, 8, 0, 3, 8, 10, 3, 4, 11, 14, 8, 5, 15, 4, 8, 1, 8, 15, 9, 8, 14, 3, 7, 3, 2, 15, 6, 4, 3, 7, 1, 1, 15, 11, 11, 3, 2, 6, 11, 5, 12, 0, 6, 2, 5, 13, 10, 1, 6, 9, 13, 5, 13, 3, 11, 4, 3, 13, 1, 1, 11, 8, 13, 4, 14, 6, 14, 15, 14, 10, 12, 4, 15, 8, 7, 
>> seq 121
11, 12, 8, 14, 7, 3, 6, 0, 12, 4, 4, 2, 4, 6, 6, 7, 15, 1, 8, 2, 1, 0, 11, 2, 6, 7, 14, 7, 4, 7, 9, 14, 6, 2, 4, 11, 7, 15, 11, 0, 5, 10, 10, 13, 8, 8, 11, 15, 8, 12, 11, 5, 7, 0, 8, 0, 3, 8, 10, 3, 4, 11, 14, 8, 5, 15, 4, 8, 1, 8, 15, 9, 8, 14, 3, 7, 3, 2, 15, 6, 4, 3, 7, 1, 1, 15, 11, 11, 3, 2, 6, 11, 5, 12, 0, 6, 2, 5, 13, 10, 1, 6, 9, 13, 5, 13, 3, 11, 4, 3, 13, 1, 1, 11, 8, 13, 4, 14, 6, 14, 15, 14, 10, 12, 4, 15, 8, 7, 
>> seq 122
11, 12, 8, 14, 7, 3, 6, 0, 12, 4, 4, 2, 4, 6, 6, 7, 15, 1, 8, 2, 1, 0, 11, 2, 6, 7, 14, 7, 4, 7, 9, 14, 6, 2, 4, 11, 7, 15, 11, 0, 5, 10, 10, 13, 8, 8, 11, 15, 8, 12, 11, 5, 7, 0, 8, 0, 3, 8, 10, 3, 4, 11, 14, 8, 5, 15, 4, 8, 1, 8, 15, 9, 8, 14, 3, 7, 3, 2, 15, 6, 4, 3, 7, 1, 1, 15, 11, 11, 3, 2, 6, 11, 5, 12, 0, 6, 2, 5, 13, 10, 1, 6, 9, 13, 5, 13, 3, 11, 4, 3, 13, 1, 1, 11, 8, 13, 4, 14, 6, 14, 15, 14, 10, 12, 4, 15, 8, 7, 
>> seq 123
11, 12, 8, 14, 7, 3, 6, 0, 12, 4, 4, 2, 4, 6, 6, 7, 15, 1, 8, 2, 1, 0, 11, 2, 6, 7, 14, 7, 4, 7, 9, 14, 6, 2, 4, 11, 7, 15, 11, 0, 5, 10, 10, 13, 8, 8, 11, 15, 8, 12, 11, 5, 7, 0, 8, 0, 3, 8, 10, 3, 4, 11, 14, 8, 5, 15, 4, 8, 1, 8, 15, 9, 8, 14, 3, 7, 3, 2, 15, 6, 4, 3, 7, 1, 1, 15, 11, 11, 3, 2, 6, 11, 5, 12, 0, 6, 2, 5, 13, 10, 1, 6, 9, 13, 5, 13, 3, 11, 4, 3, 13, 1, 1, 11, 8, 13, 4, 14, 6, 14, 15, 14, 10, 12, 4, 15, 8, 7, 
>> seq 124
11, 12, 8, 14, 7, 3, 6, 0, 12, 4, 4, 2, 4, 6, 6, 7, 15, 1, 8, 2, 1, 0, 11, 2, 6, 7, 14, 7, 4, 7, 9, 14, 6, 2, 4, 11, 7, 15, 11, 0, 5, 10, 10, 13, 8, 8, 11, 15, 8, 12, 11, 5, 7, 0, 8, 0, 3, 8, 10, 3, 4, 11, 14, 8, 5, 15, 4, 8, 1, 8, 15, 9, 8, 14, 3, 7, 3, 2, 15, 6, 4, 3, 7, 1, 1, 15, 11, 11, 3, 2, 6, 11, 5, 12, 0, 6, 2, 5, 13, 10, 1, 6, 9, 13, 5, 13, 3, 11, 4, 3, 13, 1, 1, 11, 8, 13, 4, 14, 6, 14, 15, 14, 10, 12, 4, 15, 8, 7, 
>> seq 125
11, 12, 8, 14, 7, 3, 6, 0, 12, 4, 4, 2, 4, 6, 6, 7, 15, 1, 8, 2, 1, 0, 11, 2, 6, 7, 14, 7, 4, 7, 9, 14, 6, 2, 4, 11, 7, 15, 11, 0, 5, 10, 10, 13, 8, 8, 11, 15, 8, 12, 11, 5, 7, 0, 8, 0, 3, 8, 10, 3, 4, 11, 14, 8, 5, 15, 4, 8, 1, 8, 15, 9, 8, 14, 3, 7, 3, 2, 15, 6, 4, 3, 7, 1, 1, 15, 11, 11, 3, 2, 6, 11, 5, 12, 0, 6, 2, 5, 13, 10, 1, 6, 9, 13, 5, 13, 3, 11, 4, 3, 13, 1, 1, 11, 8, 13, 4, 14, 6, 14, 15, 14, 10, 12, 4, 15, 8, 7, 
>> seq 126
11, 12, 8, 14, 7, 3, 6, 0, 12, 4, 4, 2, 4, 6, 6, 7, 15, 1, 8, 2, 1, 0, 11, 2, 6, 7, 14, 7, 4, 7, 9, 14, 6, 2, 4, 11, 7, 15, 11, 0, 5, 10, 10, 13, 8, 8, 11, 15, 8, 12, 11, 5, 7, 0, 8, 0, 3, 8, 10, 3, 4, 11, 14, 8, 5, 15, 4, 8, 1, 8, 15, 9, 8, 14, 3, 7, 3, 2, 15, 6, 4, 3, 7, 1, 1, 15, 11, 11, 3, 2, 6, 11, 5, 12, 0, 6, 2, 5, 13, 10, 1, 6, 9, 13, 5, 13, 3, 11, 4, 3, 13, 1, 1, 11, 8, 13, 4, 14, 6, 14, 15, 14, 10, 12, 4, 15, 8, 7, 
>> seq 127
11, 12, 8, 14, 7, 3, 6, 0, 12, 4, 4, 2, 4, 6, 6, 7, 15, 1, 8, 2, 1, 0, 11, 2, 6, 7, 14, 7, 4, 7, 9, 14, 6, 2, 4, 11, 7, 15, 11, 0, 5, 10, 10, 13, 8, 8, 11, 15, 8, 12, 11, 5, 7, 0, 8, 0, 3, 8, 10, 3, 4, 11, 14, 8, 5, 15, 4, 8, 1, 8, 15, 9, 8, 14, 3, 7, 3, 2, 15, 6, 4, 3, 7, 1, 1, 15, 11, 11, 3, 2, 6, 11, 5, 12, 0, 6, 2, 5, 13, 10, 1, 6, 9, 13, 5, 13, 3, 11, 4, 3, 13, 1, 1, 11, 8, 13, 4, 14, 6, 14, 15, 14, 10, 12, 4, 15, 8, 7, 
>> seq 128
11, 12, 8, 14, 7, 3, 6, 0, 12, 4, 4, 2, 4, 6, 6, 7, 15, 1, 8, 2, 1, 0, 11, 2, 6, 7, 14, 7, 4, 7, 9, 14, 6, 2, 4, 11, 7, 15, 11, 0, 5, 10, 10, 13, 8, 8, 11, 15, 8, 12, 11, 5, 7, 0, 8, 0, 3, 8, 10, 3, 4, 11, 14, 8, 5, 15, 4, 8, 1, 8, 15, 9, 8, 14, 3, 7, 3, 2, 15, 6, 4, 3, 7, 1, 1, 15, 11, 11, 3, 2, 6, 11, 5, 12, 0, 6, 2, 5, 13, 10, 1, 6, 9, 13, 5, 13, 3, 11, 4, 3, 13, 1, 1, 11, 8, 13, 4, 14, 6, 14, 15, 14, 10, 12, 4, 15, 8, 7, 
>> seq 129
11, 12, 8, 14, 7, 3, 6, 0, 12, 4, 4, 2, 4, 6, 6, 7, 15, 1, 8, 2, 1, 0, 11, 2, 6, 7, 14, 7, 4, 7, 9, 14, 6, 2, 4, 11, 7, 15, 11, 0, 5, 10, 10, 13, 8, 8, 11, 15, 8, 12, 11, 5, 7, 0, 8, 0, 3, 8, 10, 3, 4, 11, 14, 8, 5, 15, 4, 8, 1, 8, 15, 9, 8, 14, 3, 7, 3, 2, 15, 6, 4, 3, 7, 1, 1, 15, 11, 11, 3, 2, 6, 11, 5, 12, 0, 6, 2, 5, 13, 10, 1, 6, 9, 13, 5, 13, 3, 11, 4, 3, 13, 1, 1, 11, 8, 13, 4, 14, 6, 14, 15, 14, 10, 12, 4, 15, 8, 7, 
>> seq 130
11, 12, 8, 14, 7, 3, 6, 0, 12, 4, 4, 2, 4, 6, 6, 7, 15, 1, 8, 2, 1, 0, 11, 2, 6, 7, 14, 7, 4, 7, 9, 14, 6, 2, 4, 11, 7, 15, 11, 0, 5, 10, 10, 13, 8, 8, 11, 15, 8, 12, 11, 5, 7, 0, 8, 0, 3, 8, 10, 3, 4, 11, 14, 8, 5, 15, 4, 8, 1, 8, 15, 9, 8, 14, 3, 7, 3, 2, 15, 6, 4, 3, 7, 1, 1, 15, 11, 11, 3, 2, 6, 11, 5, 12, 0, 6, 2, 5, 13, 10, 1, 6, 9, 13, 5, 13, 3, 11, 4, 3, 13, 1, 1, 11, 8, 13, 4, 14, 6, 14, 15, 14, 10, 12, 4, 15, 8, 7, 
>> seq 131
11, 12, 8, 14, 7, 3, 6, 0, 12, 4, 4, 2, 4, 6, 6, 7, 15, 1, 8, 2, 1, 0, 11, 2, 6, 7, 14, 7, 4, 7, 9, 14, 6, 2, 4, 11, 7, 15, 11, 0, 5, 10, 10, 13, 8, 8, 11, 15, 8, 12, 11, 5, 7, 0, 8, 0, 3, 8, 10, 3, 4, 11, 14, 8, 5, 15, 4, 8, 1, 8, 15, 9, 8, 14, 3, 7, 3, 2, 15, 6, 4, 3, 7, 1, 1, 15, 11, 11, 3, 2, 6, 11, 5, 12, 0, 6, 2, 5, 13, 10, 1, 6, 9, 13, 5, 13, 3, 11, 4, 3, 13, 1, 1, 11, 8, 13, 4, 14, 6, 14, 15, 14, 10, 12, 4, 15, 8, 7, 
>> seq 132
11, 12, 8, 14, 7, 3, 6, 0, 12, 4, 4, 2, 4, 6, 6, 7, 15, 1, 8, 2, 1, 0, 11, 2, 6, 7, 14, 7, 4, 7, 9, 14, 6, 2, 4, 11, 7, 15, 11, 0, 5, 10, 10, 13, 8, 8, 11, 15, 8, 12, 11, 5, 7, 0, 8, 0, 3, 8, 10, 3, 4, 11, 14, 8, 5, 15, 4, 8, 1, 8, 15, 9, 8, 14, 3, 7, 3, 2, 15, 6, 4, 3, 7, 1, 1, 15, 11, 11, 3, 2, 6, 11, 5, 12, 0, 6, 2, 5, 13, 10, 1, 6, 9, 13, 5, 13, 3, 11, 4, 3, 13, 1, 1, 11, 8, 13, 4, 14, 6, 14, 15, 14, 10, 12, 4, 15, 8, 7, 
>> seq 133
11, 12, 8, 14, 7, 3, 6, 0, 12, 4, 4, 2, 4, 6, 6, 7, 15, 1, 8, 2, 1, 0, 11, 2, 6, 7, 14, 7, 4, 7, 9, 14, 6, 2, 4, 11, 7, 15, 11, 0, 5, 10, 10, 13, 8, 8, 11, 15, 8, 12, 11, 5, 7, 0, 8, 0, 3, 8, 10, 3, 4, 11, 14, 8, 5, 15, 4, 8, 1, 8, 15, 9, 8, 14, 3, 7, 3, 2, 15, 6, 4, 3, 7, 1, 1, 15, 11, 11, 3, 2, 6, 11, 5, 12, 0, 6, 2, 5, 13, 10, 1, 6, 9, 13, 5, 13, 3, 11, 4, 3, 13, 1, 1, 11, 8, 13, 4, 14, 6, 14, 15, 14, 10, 12, 4, 15, 8, 7, 
>> seq 134
11, 12, 8, 14, 7, 3, 6, 0, 12, 4, 4, 2, 4, 6, 6, 7, 15, 1, 8, 2, 1, 0, 11, 2, 6, 7, 14, 7, 4, 7, 9, 14, 6, 2, 4, 11, 7, 15, 11, 0, 5, 10, 10, 13, 8, 8, 11, 15, 8, 12, 11, 5, 7, 0, 8, 0, 3, 8, 10, 3, 4, 11, 14, 8, 5, 15, 4, 8, 1, 8, 15, 9, 8, 14, 3, 7, 3, 2, 15, 6, 4, 3, 7, 1, 1, 15, 11, 11, 3, 2, 6, 11, 5, 12, 0, 6, 2, 5, 13, 10, 1, 6, 9, 13, 5, 13, 3, 11, 4, 3, 13, 1, 1, 11, 8, 13, 4, 14, 6, 14, 15, 14, 10, 12, 4, 15, 8, 7, 
>> seq 135
11, 12, 8, 14, 7, 3, 6, 0, 12, 4, 4, 2, 4, 6, 6, 7, 15, 1, 8, 2, 1, 0, 11, 2, 6, 7, 14, 7, 4, 7, 9, 14, 6, 2, 4, 11, 7, 15, 11, 0, 5, 10, 10, 13, 8, 8, 11, 15, 8, 12, 11, 5, 7, 0, 8, 0, 3, 8, 10, 3, 4, 11, 14, 8, 5, 15, 4, 8, 1, 8, 15, 9, 8, 14, 3, 7, 3, 2, 15, 6, 4, 3, 7, 1, 1, 15, 11, 11, 3, 2, 6, 11, 5, 12, 0, 6, 2, 5, 13, 10, 1, 6, 9, 13, 5, 13, 3, 11, 4, 3, 13, 1, 1, 11, 8, 13, 4, 14, 6, 14, 15, 14, 10, 12, 4, 15, 8, 7, 
>> seq 136
11, 12, 8, 14, 7, 3, 6, 0, 12, 4, 4, 2, 4, 6, 6, 7, 15, 1, 8, 2, 1, 0, 11, 2, 6, 7, 14, 7, 4, 7, 9, 14, 6, 2, 4, 11, 7, 15, 11, 0, 5, 10, 10, 13, 8, 8, 11, 15, 8, 12, 11, 5, 7, 0, 8, 0, 3, 8, 10, 3, 4, 11, 14, 8, 5, 15, 4, 8, 1, 8, 15, 9, 8, 14, 3, 7, 3, 2, 15, 6, 4, 3, 7, 1, 1, 15, 11, 11, 3, 2, 6, 11, 5, 12, 0, 6, 2, 5, 13, 10, 1, 6, 9, 13, 5, 13, 3, 11, 4, 3, 13, 1, 1, 11, 8, 13, 4, 14, 6, 14, 15, 14, 10, 12, 4, 15, 8, 7, 
>> seq 137
11, 12, 8, 14, 7, 3, 6, 0, 12, 4, 4, 2, 4, 6, 6, 7, 15, 1, 8, 2, 1, 0, 11, 2, 6, 7, 14, 7, 4, 7, 9, 14, 6, 2, 4, 11, 7, 15, 11, 0, 5, 10, 10, 13, 8, 8, 11, 15, 8, 12, 11, 5, 7, 0, 8, 0, 3, 8, 10, 3, 4, 11, 14, 8, 5, 15, 4, 8, 1, 8, 15, 9, 8, 14, 3, 7, 3, 2, 15, 6, 4, 3, 7, 1, 1, 15, 11, 11, 3, 2, 6, 11, 5, 12, 0, 6, 2, 5, 13, 10, 1, 6, 9, 13, 5, 13, 3, 11, 4, 3, 13, 1, 1, 11, 8, 13, 4, 14, 6, 14, 15, 14, 10, 12, 4, 15, 8, 7, 
>> seq 138
11, 12, 8, 14, 7, 3, 6, 0, 12, 4, 4, 2, 4, 6, 6, 7, 15, 1, 8, 2, 1, 0, 11, 2, 6, 7, 14, 7, 4, 7, 9, 14, 6, 2, 4, 11, 7, 15, 11, 0, 5, 10, 10, 13, 8, 8, 11, 15, 8, 12, 11, 5, 7, 0, 8, 0, 3, 8, 10, 3, 4, 11, 14, 8, 5, 15, 4, 8, 1, 8, 15, 9, 8, 14, 3, 7, 3, 2, 15, 6, 4, 3, 7, 1, 1, 15, 11, 11, 3, 2, 6, 11, 5, 12, 0, 6, 2, 5, 13, 10, 1, 6, 9, 13, 5, 13, 3, 11, 4, 3, 13, 1, 1, 11, 8, 13, 4, 14, 6, 14, 15, 14, 10, 12, 4, 15, 8, 7, 
>> seq 139
11, 12, 8, 14, 7, 3, 6, 0, 12, 4, 4, 2, 4, 6, 6, 7, 15, 1, 8, 2, 1, 0, 11, 2, 6, 7, 14, 7, 4, 7, 9, 14, 6, 2, 4, 11, 7, 15, 11, 0, 5, 10, 10, 13, 8, 8, 11, 15, 8, 12, 11, 5, 7, 0, 8, 0, 3, 8, 10, 3, 4, 11, 14, 8, 5, 15, 4, 8, 1, 8, 15, 9, 8, 14, 3, 7, 3, 2, 15, 6, 4, 3, 7, 1, 1, 15, 11, 11, 3, 2, 6, 11, 5, 12, 0, 6, 2, 5, 13, 10, 1, 6, 9, 13, 5, 13, 3, 11, 4, 3, 13, 1, 1, 11, 8, 13, 4, 14, 6, 14, 15, 14, 10, 12, 4, 15, 8, 7, 
>> seq 140
11, 12, 8, 14, 7, 3, 6, 0, 12, 4, 4, 2, 4, 6, 6, 7, 15, 1, 8, 2, 1, 0, 11, 2, 6, 7, 14, 7, 4, 7, 9, 14, 6, 2, 4, 11, 7, 15, 11, 0, 5, 10, 10, 13, 8, 8, 11, 15, 8, 12, 11, 5, 7, 0, 8, 0, 3, 8, 10, 3, 4, 11, 14, 8, 5, 15, 4, 8, 1, 8, 15, 9, 8, 14, 3, 7, 3, 2, 15, 6, 4, 3, 7, 1, 1, 15, 11, 11, 3, 2, 6, 11, 5, 12, 0, 6, 2, 5, 13, 10, 1, 6, 9, 13, 5, 13, 3, 11, 4, 3, 13, 1, 1, 11, 8, 13, 4, 14, 6, 14, 15, 14, 10, 12, 4, 15, 8, 7, 
>> seq 141
11, 12, 8, 14, 7, 3, 6, 0, 12, 4, 4, 2, 4, 6, 6, 7, 15, 1, 8, 2, 1, 0, 11, 2, 6, 7, 14, 7, 4, 7, 9, 14, 6, 2, 4, 11, 7, 15, 11, 0, 5, 10, 10, 13, 8, 8, 11, 15, 8, 12, 11, 5, 7, 0, 8, 0, 3, 8, 10, 3, 4, 11, 14, 8, 5, 15, 4, 8, 1, 8, 15, 9, 8, 14, 3, 7, 3, 2, 15, 6, 4, 3, 7, 1, 1, 15, 11, 11, 3, 2, 6, 11, 5, 12, 0, 6, 2, 5, 13, 10, 1, 6, 9, 13, 5, 13, 3, 11, 4, 3, 13, 1, 1, 11, 8, 13, 4, 14, 6, 14, 15, 14, 10, 12, 4, 15, 8, 7, 
>> seq 142
11, 12, 8, 14, 7, 3, 6, 0, 12, 4, 4, 2, 4, 6, 6, 7, 15, 1, 8, 2, 1, 0, 11, 2, 6, 7, 14, 7, 4, 7, 9, 14, 6, 2, 4, 11, 7, 15, 11, 0, 5, 10, 10, 13, 8, 8, 11, 15, 8, 12, 11, 5, 7, 0, 8, 0, 3, 8, 10, 3, 4, 11, 14, 8, 5, 15, 4, 8, 1, 8, 15, 9, 8, 14, 3, 7, 3, 2, 15, 6, 4, 3, 7, 1, 1, 15, 11, 11, 3, 2, 6, 11, 5, 12, 0, 6, 2, 5, 13, 10, 1, 6, 9, 13, 5, 13, 3, 11, 4, 3, 13, 1, 1, 11, 8, 13, 4, 14, 6, 14, 15, 14, 10, 12, 4, 15, 8, 7, 
>> seq 143
11, 12, 8, 14, 7, 3, 6, 0, 12, 4, 4, 2, 4, 6, 6, 7, 15, 1, 8, 2, 1, 0, 11, 2, 6, 7, 14, 7, 4, 7, 9, 14, 6, 2, 4, 11, 7, 15, 11, 0, 5, 10, 10, 13, 8, 8, 11, 15, 8, 12, 11, 5, 7, 0, 8, 0, 3, 8, 10, 3, 4, 11, 14, 8, 5, 15, 4, 8, 1, 8, 15, 9, 8, 14, 3, 7, 3, 2, 15, 6, 4, 3, 7, 1, 1, 15, 11, 11, 3, 2, 6, 11, 5, 12, 0, 6, 2, 5, 13, 10, 1, 6, 9, 13, 5, 13, 3, 11, 4, 3, 13, 1, 1, 11, 8, 13, 4, 14, 6, 14, 15, 14, 10, 12, 4, 15, 8, 7, 
>> seq 144
11, 12, 8, 14, 7, 3, 6, 0, 12, 4, 4, 2, 4, 6, 6, 7, 15, 1, 8, 2, 1, 0, 11, 2, 6, 7, 14, 7, 4, 7, 9, 14, 6, 2, 4, 11, 7, 15, 11, 0, 5, 10, 10, 13, 8, 8, 11, 15, 8, 12, 11, 5, 7, 0, 8, 0, 3, 8, 10, 3, 4, 11, 14, 8, 5, 15, 4, 8, 1, 8, 15, 9, 8, 14, 3, 7, 3, 2, 15, 6, 4, 3, 7, 1, 1, 15, 11, 11, 3, 2, 6, 11, 5, 12, 0, 6, 2, 5, 13, 10, 1, 6, 9, 13, 5, 13, 3, 11, 4, 3, 13, 1, 1, 11, 8, 13, 4, 14, 6, 14, 15, 14, 10, 12, 4, 15, 8, 7, 
>> seq 145
11, 12, 8, 14, 7, 3, 6, 0, 12, 4, 4, 2, 4, 6, 6, 7, 15, 1, 8, 2, 1, 0, 11, 2, 6, 7, 14, 7, 4, 7, 9, 14, 6, 2, 4, 11, 7, 15, 11, 0, 5, 10, 10, 13, 8, 8, 11, 15, 8, 12, 11, 5, 7, 0, 8, 0, 3, 8, 10, 3, 4, 11, 14, 8, 5, 15, 4, 8, 1, 8, 15, 9, 8, 14, 3, 7, 3, 2, 15, 6, 4, 3, 7, 1, 1, 15, 11, 11, 3, 2, 6, 11, 5, 12, 0, 6, 2, 5, 13, 10, 1, 6, 9, 13, 5, 13, 3, 11, 4, 3, 13, 1, 1, 11, 8, 13, 4, 14, 6, 14, 15, 14, 10, 12, 4, 15, 8, 7, 
>> seq 146
11, 12, 8, 14, 7, 3, 6, 0, 12, 4, 4, 2, 4, 6, 6, 7, 15, 1, 8, 2, 1, 0, 11, 2, 6, 7, 14, 7, 4, 7, 9, 14, 6, 2, 4, 11, 7, 15, 11, 0, 5, 10, 10, 13, 8, 8, 11, 15, 8, 12, 11, 5, 7, 0, 8, 0, 3, 8, 10, 3, 4, 11, 14, 8, 5, 15, 4, 8, 1, 8, 15, 9, 8, 14, 3, 7, 3, 2, 15, 6, 4, 3, 7, 1, 1, 15, 11, 11, 3, 2, 6, 11, 5, 12, 0, 6, 2, 5, 13, 10, 1, 6, 9, 13, 5, 13, 3, 11, 4, 3, 13, 1, 1, 11, 8, 13, 4, 14, 6, 14, 15, 14, 10, 12, 4, 15, 8, 7, 
>> seq 147
11, 12, 8, 14, 7, 3, 6, 0, 12, 4, 4, 2, 4, 6, 6, 7, 15, 1, 8, 2, 1, 0, 11, 2, 6, 7, 14, 7, 4, 7, 9, 14, 6, 2, 4, 11, 7, 15, 11, 0, 5, 10, 10, 13, 8, 8, 11, 15, 8, 12, 11, 5, 7, 0, 8, 0, 3, 8, 10, 3, 4, 11, 14, 8, 5, 15, 4, 8, 1, 8, 15, 9, 8, 14, 3, 7, 3, 2, 15, 6, 4, 3, 7, 1, 1, 15, 11, 11, 3, 2, 6, 11, 5, 12, 0, 6, 2, 5, 13, 10, 1, 6, 9, 13, 5, 13, 3, 11, 4, 3, 13, 1, 1, 11, 8, 13, 4, 14, 6, 14, 15, 14, 10, 12, 4, 15, 8, 7, 
>> seq 148
11, 12, 8, 14, 7, 3, 6, 0, 12, 4, 4, 2, 4, 6, 6, 7, 15, 1, 8, 2, 1, 0, 11, 2, 6, 7, 14, 7, 4, 7, 9, 14, 6, 2, 4, 11, 7, 15, 11, 0, 5, 10, 10, 13, 8, 8, 11, 15, 8, 12, 11, 5, 7, 0, 8, 0, 3, 8, 10, 3, 4, 11, 14, 8, 5, 15, 4, 8, 1, 8, 15, 9, 8, 14, 3, 7, 3, 2, 15, 6, 4, 3, 7, 1, 1, 15, 11, 11, 3, 2, 6, 11, 5, 12, 0, 6, 2, 5, 13, 10, 1, 6, 9, 13, 5, 13, 3, 11, 4, 3, 13, 1, 1, 11, 8, 13, 4, 14, 6, 14, 15, 14, 10, 12, 4, 15, 8, 7, 
>> seq 149
11, 12, 8, 14, 7, 3, 6, 0, 12, 4, 4, 2, 4, 6, 6, 7, 15, 1, 8, 2, 1, 0, 11, 2, 6, 7, 14, 7, 4, 7, 9, 14, 6, 2, 4, 11, 7, 15, 11, 0, 5, 10, 10, 13, 8, 8, 11, 15, 8, 12, 11, 5, 7, 0, 8, 0, 3, 8, 10, 3, 4, 11, 14, 8, 5, 15, 4, 8, 1, 8, 15, 9, 8, 14, 3, 7, 3, 2, 15, 6, 4, 3, 7, 1, 1, 15, 11, 11, 3, 2, 6, 11, 5, 12, 0, 6, 2, 5, 13, 10, 1, 6, 9, 13, 5, 13, 3, 11, 4, 3, 13, 1, 1, 11, 8, 13, 4, 14, 6, 14, 15, 14, 10, 12, 4, 15, 8, 7, 
>> seq 150
11, 12, 8, 14, 7, 3, 6, 0, 12, 4, 4, 2, 4, 6, 6, 7, 15, 1, 8, 2, 1, 0, 11, 2, 6, 7, 14, 7, 4, 7, 9, 14, 6, 2, 4, 11, 7, 15, 11, 0, 5, 10, 10, 13, 8, 8, 11, 15, 8, 12, 11, 5, 7, 0, 8, 0, 3, 8, 10, 3, 4, 11, 14, 8, 5, 15, 4, 8, 1, 8, 15, 9, 8, 14, 3, 7, 3, 2, 15, 6, 4, 3, 7, 1, 1, 15, 11, 11, 3, 2, 6, 11, 5, 12, 0, 6, 2, 5, 13, 10, 1, 6, 9, 13, 5, 13, 3, 11, 4, 3, 13, 1, 1, 11, 8, 13, 4, 14, 6, 14, 15, 14, 10, 12, 4, 15, 8, 7, 
>> seq 151
11, 12, 8, 14, 7, 3, 6, 0, 12, 4, 4, 2, 4, 6, 6, 7, 15, 1, 8, 2, 1, 0, 11, 2, 6, 7, 14, 7, 4, 7, 9, 14, 6, 2, 4, 11, 7, 15, 11, 0, 5, 10, 10, 13, 8, 8, 11, 15, 8, 12, 11, 5, 7, 0, 8, 0, 3, 8, 10, 3, 4, 11, 14, 8, 5, 15, 4, 8, 1, 8, 15, 9, 8, 14, 3, 7, 3, 2, 15, 6, 4, 3, 7, 1, 1, 15, 11, 11, 3, 2, 6, 11, 5, 12, 0, 6, 2, 5, 13, 10, 1, 6, 9, 13, 5, 13, 3, 11, 4, 3, 13, 1, 1, 11, 8, 13, 4, 14, 6, 14, 15, 14, 10, 12, 4, 15, 8, 7, 
>> seq 152
11, 12, 8, 14, 7, 3, 6, 0, 12, 4, 4, 2, 4, 6, 6, 7, 15, 1, 8, 2, 1, 0, 11, 2, 6, 7, 14, 7, 4, 7, 9, 14, 6, 2, 4, 11, 7, 15, 11, 0, 5, 10, 10, 13, 8, 8, 11, 15, 8, 12, 11, 5, 7, 0, 8, 0, 3, 8, 10, 3, 4, 11, 14, 8, 5, 15, 4, 8, 1, 8, 15, 9, 8, 14, 3, 7, 3, 2, 15, 6, 4, 3, 7, 1, 1, 15, 11, 11, 3, 2, 6, 11, 5, 12, 0, 6, 2, 5, 13, 10, 1, 6, 9, 13, 5, 13, 3, 11, 4, 3, 13, 1, 1, 11, 8, 13, 4, 14, 6, 14, 15, 14, 10, 12, 4, 15, 8, 7, 
>> seq 153
11, 12, 8, 14, 7, 3, 6, 0, 12, 4, 4, 2, 4, 6, 6, 7, 15, 1, 8, 2, 1, 0, 11, 2, 6, 7, 14, 7, 4, 7, 9, 14, 6, 2, 4, 11, 7, 15, 11, 0, 5, 10, 10, 13, 8, 8, 11, 15, 8, 12, 11, 5, 7, 0, 8, 0, 3, 8, 10, 3, 4, 11, 14, 8, 5, 15, 4, 8, 1, 8, 15, 9, 8, 14, 3, 7, 3, 2, 15, 6, 4, 3, 7, 1, 1, 15, 11, 11, 3, 2, 6, 11, 5, 12, 0, 6, 2, 5, 13, 10, 1, 6, 9, 13, 5, 13, 3, 11, 4, 3, 13, 1, 1, 11, 8, 13, 4, 14, 6, 14, 15, 14, 10, 12, 4, 15, 8, 7, 
>> seq 154
11, 12, 8, 14, 7, 3, 6, 0, 12, 4, 4, 2, 4, 6, 6, 7, 15, 1, 8, 2, 1, 0, 11, 2, 6, 7, 14, 7, 4, 7, 9, 14, 6, 2, 4, 11, 7, 15, 11, 0, 5, 10, 10, 13, 8, 8, 11, 15, 8, 12, 11, 5, 7, 0, 8, 0, 3, 8, 10, 3, 4, 11, 14, 8, 5, 15, 4, 8, 1, 8, 15, 9, 8, 14, 3, 7, 3, 2, 15, 6, 4, 3, 7, 1, 1, 15, 11, 11, 3, 2, 6, 11, 5, 12, 0, 6, 2, 5, 13, 10, 1, 6, 9, 13, 5, 13, 3, 11, 4, 3, 13, 1, 1, 11, 8, 13, 4, 14, 6, 14, 15, 14, 10, 12, 4, 15, 8, 7, 
>> seq 155
11, 12, 8, 14, 7, 3, 6, 0, 12, 4, 4, 2, 4, 6, 6, 7, 15, 1, 8, 2, 1, 0, 11, 2, 6, 7, 14, 7, 4, 7, 9, 14, 6, 2, 4, 11, 7, 15, 11, 0, 5, 10, 10, 13, 8, 8, 11, 15, 8, 12, 11, 5, 7, 0, 8, 0, 3, 8, 10, 3, 4, 11, 14, 8, 5, 15, 4, 8, 1, 8, 15, 9, 8, 14, 3, 7, 3, 2, 15, 6, 4, 3, 7, 1, 1, 15, 11, 11, 3, 2, 6, 11, 5, 12, 0, 6, 2, 5, 13, 10, 1, 6, 9, 13, 5, 13, 3, 11, 4, 3, 13, 1, 1, 11, 8, 13, 4, 14, 6, 14, 15, 14, 10, 12, 4, 15, 8, 7, 
>> seq 156
11, 12, 8, 14, 7, 3, 6, 0, 12, 4, 4, 2, 4, 6, 6, 7, 15, 1, 8, 2, 1, 0, 11, 2, 6, 7, 14, 7, 4, 7, 9, 14, 6, 2, 4, 11, 7, 15, 11, 0, 5, 10, 10, 13, 8, 8, 11, 15, 8, 12, 11, 5, 7, 0, 8, 0, 3, 8, 10, 3, 4, 11, 14, 8, 5, 15, 4, 8, 1, 8, 15, 9, 8, 14, 3, 7, 3, 2, 15, 6, 4, 3, 7, 1, 1, 15, 11, 11, 3, 2, 6, 11, 5, 12, 0, 6, 2, 5, 13, 10, 1, 6, 9, 13, 5, 13, 3, 11, 4, 3, 13, 1, 1, 11, 8, 13, 4, 14, 6, 14, 15, 14, 10, 12, 4, 15, 8, 7, 
>> seq 157
11, 12, 8, 14, 7, 3, 6, 0, 12, 4, 4, 2, 4, 6, 6, 7, 15, 1, 8, 2, 1, 0, 11, 2, 6, 7, 14, 7, 4, 7, 9, 14, 6, 2, 4, 11, 7, 15, 11, 0, 5, 10, 10, 13, 8, 8, 11, 15, 8, 12, 11, 5, 7, 0, 8, 0, 3, 8, 10, 3, 4, 11, 14, 8, 5, 15, 4, 8, 1, 8, 15, 9, 8, 14, 3, 7, 3, 2, 15, 6, 4, 3, 7, 1, 1, 15, 11, 11, 3, 2, 6, 11, 5, 12, 0, 6, 2, 5, 13, 10, 1, 6, 9, 13, 5, 13, 3, 11, 4, 3, 13, 1, 1, 11, 8, 13, 4, 14, 6, 14, 15, 14, 10, 12, 4, 15, 8, 7, 
>> seq 158
11, 12, 8, 14, 7, 3, 6, 0, 12, 4, 4, 2, 4, 6, 6, 7, 15, 1, 8, 2, 1, 0, 11, 2, 6, 7, 14, 7, 4, 7, 9, 14, 6, 2, 4, 11, 7, 15, 11, 0, 5, 10, 10, 13, 8, 8, 11, 15, 8, 12, 11, 5, 7, 0, 8, 0, 3, 8, 10, 3, 4, 11, 14, 8, 5, 15, 4, 8, 1, 8, 15, 9, 8, 14, 3, 7, 3, 2, 15, 6, 4, 3, 7, 1, 1, 15, 11, 11, 3, 2, 6, 11, 5, 12, 0, 6, 2, 5, 13, 10, 1, 6, 9, 13, 5, 13, 3, 11, 4, 3, 13, 1, 1, 11, 8, 13, 4, 14, 6, 14, 15, 14, 10, 12, 4, 15, 8, 7, 
>> seq 159
11, 12, 8, 14, 7, 3, 6, 0, 12, 4, 4, 2, 4, 6, 6, 7, 15, 1, 8, 2, 1, 0, 11, 2, 6, 7, 14, 7, 4, 7, 9, 14, 6, 2, 4, 11, 7, 15, 11, 0, 5, 10, 10, 13, 8, 8, 11, 15, 8, 12, 11, 5, 7, 0, 8, 0, 3, 8, 10, 3, 4, 11, 14, 8, 5, 15, 4, 8, 1, 8, 15, 9, 8, 14, 3, 7, 3, 2, 15, 6, 4, 3, 7, 1, 1, 15, 11, 11, 3, 2, 6, 11, 5, 12, 0, 6, 2, 5, 13, 10, 1, 6, 9, 13, 5, 13, 3, 11, 4, 3, 13, 1, 1, 11, 8, 13, 4, 14, 6, 14, 15, 14, 10, 12, 4, 15, 8, 7, 
>> seq 160
11, 12, 8, 14, 7, 3, 6, 0, 12, 4, 4, 2, 4, 6, 6, 7, 15, 1, 8, 2, 1, 0, 11, 2, 6, 7, 14, 7, 4, 7, 9, 14, 6, 2, 4, 11, 7, 15, 11, 0, 5, 10, 10, 13, 8, 8, 11, 15, 8, 12, 11, 5, 7, 0, 8, 0, 3, 8, 10, 3, 4, 11, 14, 8, 5, 15, 4, 8, 1, 8, 15, 9, 8, 14, 3, 7, 3, 2, 15, 6, 4, 3, 7, 1, 1, 15, 11, 11, 3, 2, 6, 11, 5, 12, 0, 6, 2, 5, 13, 10, 1, 6, 9, 13, 5, 13, 3, 11, 4, 3, 13, 1, 1, 11, 8, 13, 4, 14, 6, 14, 15, 14, 10, 12, 4, 15, 8, 7, 
>> seq 161
11, 12, 8, 14, 7, 3, 6, 0, 12, 4, 4, 2, 4, 6, 6, 7, 15, 1, 8, 2, 1, 0, 11, 2, 6, 7, 14, 7, 4, 7, 9, 14, 6, 2, 4, 11, 7, 15, 11, 0, 5, 10, 10, 13, 8, 8, 11, 15, 8, 12, 11, 5, 7, 0, 8, 0, 3, 8, 10, 3, 4, 11, 14, 8, 5, 15, 4, 8, 1, 8, 15, 9, 8, 14, 3, 7, 3, 2, 15, 6, 4, 3, 7, 1, 1, 15, 11, 11, 3, 2, 6, 11, 5, 12, 0, 6, 2, 5, 13, 10, 1, 6, 9, 13, 5, 13, 3, 11, 4, 3, 13, 1, 1, 11, 8, 13, 4, 14, 6, 14, 15, 14, 10, 12, 4, 15, 8, 7, 
>> seq 162
11, 12, 8, 14, 7, 3, 6, 0, 12, 4, 4, 2, 4, 6, 6, 7, 15, 1, 8, 2, 1, 0, 11, 2, 6, 7, 14, 7, 4, 7, 9, 14, 6, 2, 4, 11, 7, 15, 11, 0, 5, 10, 10, 13, 8, 8, 11, 15, 8, 12, 11, 5, 7, 0, 8, 0, 3, 8, 10, 3, 4, 11, 14, 8, 5, 15, 4, 8, 1, 8, 15, 9, 8, 14, 3, 7, 3, 2, 15, 6, 4, 3, 7, 1, 1, 15, 11, 11, 3, 2, 6, 11, 5, 12, 0, 6, 2, 5, 13, 10, 1, 6, 9, 13, 5, 13, 3, 11, 4, 3, 13, 1, 1, 11, 8, 13, 4, 14, 6, 14, 15, 14, 10, 12, 4, 15, 8, 7, 
>> seq 163
11, 12, 8, 14, 7, 3, 6, 0, 12, 4, 4, 2, 4, 6, 6, 7, 15, 1, 8, 2, 1, 0, 11, 2, 6, 7, 14, 7, 4, 7, 9, 14, 6, 2, 4, 11, 7, 15, 11, 0, 5, 10, 10, 13, 8, 8, 11, 15, 8, 12, 11, 5, 7, 0, 8, 0, 3, 8, 10, 3, 4, 11, 14, 8, 5, 15, 4, 8, 1, 8, 15, 9, 8, 14, 3, 7, 3, 2, 15, 6, 4, 3, 7, 1, 1, 15, 11, 11, 3, 2, 6, 11, 5, 12, 0, 6, 2, 5, 13, 10, 1, 6, 9, 13, 5, 13, 3, 11, 4, 3, 13, 1, 1, 11, 8, 13, 4, 14, 6, 14, 15, 14, 10, 12, 4, 15, 8, 7, 
>> seq 164
11, 12, 8, 14, 7, 3, 6, 0, 12, 4, 4, 2, 4, 6, 6, 7, 15, 1, 8, 2, 1, 0, 11, 2, 6, 7, 14, 7, 4, 7, 9, 14, 6, 2, 4, 11, 7, 15, 11, 0, 5, 10, 10, 13, 8, 8, 11, 15, 8, 12, 11, 5, 7, 0, 8, 0, 3, 8, 10, 3, 4, 11, 14, 8, 5, 15, 4, 8, 1, 8, 15, 9, 8, 14, 3, 7, 3, 2, 15, 6, 4, 3, 7, 1, 1, 15, 11, 11, 3, 2, 6, 11, 5, 12, 0, 6, 2, 5, 13, 10, 1, 6, 9, 13, 5, 13, 3, 11, 4, 3, 13, 1, 1, 11, 8, 13, 4, 14, 6, 14, 15, 14, 10, 12, 4, 15, 8, 7, 
>> seq 165
11, 12, 8, 14, 7, 3, 6, 0, 12, 4, 4, 2, 4, 6, 6, 7, 15, 1, 8, 2, 1, 0, 11, 2, 6, 7, 14, 7, 4, 7, 9, 14, 6, 2, 4, 11, 7, 15, 11, 0, 5, 10, 10, 13, 8, 8, 11, 15, 8, 12, 11, 5, 7, 0, 8, 0, 3, 8, 10, 3, 4, 11, 14, 8, 5, 15, 4, 8, 1, 8, 15, 9, 8, 14, 3, 7, 3, 2, 15, 6, 4, 3, 7, 1, 1, 15, 11, 11, 3, 2, 6, 11, 5, 12, 0, 6, 2, 5, 13, 10, 1, 6, 9, 13, 5, 13, 3, 11, 4, 3, 13, 1, 1, 11, 8, 13, 4, 14, 6, 14, 15, 14, 10, 12, 4, 15, 8, 7, 
>> seq 166
11, 12, 8, 14, 7, 3, 6, 0, 12, 4, 4, 2, 4, 6, 6, 7, 15, 1, 8, 2, 1, 0, 11, 2, 6, 7, 14, 7, 4, 7, 9, 14, 6, 2, 4, 11, 7, 15, 11, 0, 5, 10, 10, 13, 8, 8, 11, 15, 8, 12, 11, 5, 7, 0, 8, 0, 3, 8, 10, 3, 4, 11, 14, 8, 5, 15, 4, 8, 1, 8, 15, 9, 8, 14, 3, 7, 3, 2, 15, 6, 4, 3, 7, 1, 1, 15, 11, 11, 3, 2, 6, 11, 5, 12, 0, 6, 2, 5, 13, 10, 1, 6, 9, 13, 5, 13, 3, 11, 4, 3, 13, 1, 1, 11, 8, 13, 4, 14, 6, 14, 15, 14, 10, 12, 4, 15, 8, 7, 
>> seq 167
11, 12, 8, 14, 7, 3, 6, 0, 12, 4, 4, 2, 4, 6, 6, 7, 15, 1, 8, 2, 1, 0, 11, 2, 6, 7, 14, 7, 4, 7, 9, 14, 6, 2, 4, 11, 7, 15, 11, 0, 5, 10, 10, 13, 8, 8, 11, 15, 8, 12, 11, 5, 7, 0, 8, 0, 3, 8, 10, 3, 4, 11, 14, 8, 5, 15, 4, 8, 1, 8, 15, 9, 8, 14, 3, 7, 3, 2, 15, 6, 4, 3, 7, 1, 1, 15, 11, 11, 3, 2, 6, 11, 5, 12, 0, 6, 2, 5, 13, 10, 1, 6, 9, 13, 5, 13, 3, 11, 4, 3, 13, 1, 1, 11, 8, 13, 4, 14, 6, 14, 15, 14, 10, 12, 4, 15, 8, 7, 
>> seq 168
11, 12, 8, 14, 7, 3, 6, 0, 12, 4, 4, 2, 4, 6, 6, 7, 15, 1, 8, 2, 1, 0, 11, 2, 6, 7, 14, 7, 4, 7, 9, 14, 6, 2, 4, 11, 7, 15, 11, 0, 5, 10, 10, 13, 8, 8, 11, 15, 8, 12, 11, 5, 7, 0, 8, 0, 3, 8, 10, 3, 4, 11, 14, 8, 5, 15, 4, 8, 1, 8, 15, 9, 8, 14, 3, 7, 3, 2, 15, 6, 4, 3, 7, 1, 1, 15, 11, 11, 3, 2, 6, 11, 5, 12, 0, 6, 2, 5, 13, 10, 1, 6, 9, 13, 5, 13, 3, 11, 4, 3, 13, 1, 1, 11, 8, 13, 4, 14, 6, 14, 15, 14, 10, 12, 4, 15, 8, 7, 
>> seq 169
11, 12, 8, 14, 7, 3, 6, 0, 12, 4, 4, 2, 4, 6, 6, 7, 15, 1, 8, 2, 1, 0, 11, 2, 6, 7, 14, 7, 4, 7, 9, 14, 6, 2, 4, 11, 7, 15, 11, 0, 5, 10, 10, 13, 8, 8, 11, 15, 8, 12, 11, 5, 7, 0, 8, 0, 3, 8, 10, 3, 4, 11, 14, 8, 5, 15, 4, 8, 1, 8, 15, 9, 8, 14, 3, 7, 3, 2, 15, 6, 4, 3, 7, 1, 1, 15, 11, 11, 3, 2, 6, 11, 5, 12, 0, 6, 2, 5, 13, 10, 1, 6, 9, 13, 5, 13, 3, 11, 4, 3, 13, 1, 1, 11, 8, 13, 4, 14, 6, 14, 15, 14, 10, 12, 4, 15, 8, 7, 
>> seq 170
11, 12, 8, 14, 7, 3, 6, 0, 12, 4, 4, 2, 4, 6, 6, 7, 15, 1, 8, 2, 1, 0, 11, 2, 6, 7, 14, 7, 4, 7, 9, 14, 6, 2, 4, 11, 7, 15, 11, 0, 5, 10, 10, 13, 8, 8, 11, 15, 8, 12, 11, 5, 7, 0, 8, 0, 3, 8, 10, 3, 4, 11, 14, 8, 5, 15, 4, 8, 1, 8, 15, 9, 8, 14, 3, 7, 3, 2, 15, 6, 4, 3, 7, 1, 1, 15, 11, 11, 3, 2, 6, 11, 5, 12, 0, 6, 2, 5, 13, 10, 1, 6, 9, 13, 5, 13, 3, 11, 4, 3, 13, 1, 1, 11, 8, 13, 4, 14, 6, 14, 15, 14, 10, 12, 4, 15, 8, 7, 
>> seq 171
11, 12, 8, 14, 7, 3, 6, 0, 12, 4, 4, 2, 4, 6, 6, 7, 15, 1, 8, 2, 1, 0, 11, 2, 6, 7, 14, 7, 4, 7, 9, 14, 6, 2, 4, 11, 7, 15, 11, 0, 5, 10, 10, 13, 8, 8, 11, 15, 8, 12, 11, 5, 7, 0, 8, 0, 3, 8, 10, 3, 4, 11, 14, 8, 5, 15, 4, 8, 1, 8, 15, 9, 8, 14, 3, 7, 3, 2, 15, 6, 4, 3, 7, 1, 1, 15, 11, 11, 3, 2, 6, 11, 5, 12, 0, 6, 2, 5, 13, 10, 1, 6, 9, 13, 5, 13, 3, 11, 4, 3, 13, 1, 1, 11, 8, 13, 4, 14, 6, 14, 15, 14, 10, 12, 4, 15, 8, 7, 
>> seq 172
11, 12, 8, 14, 7, 3, 6, 0, 12, 4, 4, 2, 4, 6, 6, 7, 15, 1, 8, 2, 1, 0, 11, 2, 6, 7, 14, 7, 4, 7, 9, 14, 6, 2, 4, 11, 7, 15, 11, 0, 5, 10, 10, 13, 8, 8, 11, 15, 8, 12, 11, 5, 7, 0, 8, 0, 3, 8, 10, 3, 4, 11, 14, 8, 5, 15, 4, 8, 1, 8, 15, 9, 8, 14, 3, 7, 3, 2, 15, 6, 4, 3, 7, 1, 1, 15, 11, 11, 3, 2, 6, 11, 5, 12, 0, 6, 2, 5, 13, 10, 1, 6, 9, 13, 5, 13, 3, 11, 4, 3, 13, 1, 1, 11, 8, 13, 4, 14, 6, 14, 15, 14, 10, 12, 4, 15, 8, 7, 
>> seq 173
11, 12, 8, 14, 7, 3, 6, 0, 12, 4, 4, 2, 4, 6, 6, 7, 15, 1, 8, 2, 1, 0, 11, 2, 6, 7, 14, 7, 4, 7, 9, 14, 6, 2, 4, 11, 7, 15, 11, 0, 5, 10, 10, 13, 8, 8, 11, 15, 8, 12, 11, 5, 7, 0, 8, 0, 3, 8, 10, 3, 4, 11, 14, 8, 5, 15, 4, 8, 1, 8, 15, 9, 8, 14, 3, 7, 3, 2, 15, 6, 4, 3, 7, 1, 1, 15, 11, 11, 3, 2, 6, 11, 5, 12, 0, 6, 2, 5, 13, 10, 1, 6, 9, 13, 5, 13, 3, 11, 4, 3, 13, 1, 1, 11, 8, 13, 4, 14, 6, 14, 15, 14, 10, 12, 4, 15, 8, 7, 
>> seq 174
11, 12, 8, 14, 7, 3, 6, 0, 12, 4, 4, 2, 4, 6, 6, 7, 15, 1, 8, 2, 1, 0, 11, 2, 6, 7, 14, 7, 4, 7, 9, 14, 6, 2, 4, 11, 7, 15, 11, 0, 5, 10, 10, 13, 8, 8, 11, 15, 8, 12, 11, 5, 7, 0, 8, 0, 3, 8, 10, 3, 4, 11, 14, 8, 5, 15, 4, 8, 1, 8, 15, 9, 8, 14, 3, 7, 3, 2, 15, 6, 4, 3, 7, 1, 1, 15, 11, 11, 3, 2, 6, 11, 5, 12, 0, 6, 2, 5, 13, 10, 1, 6, 9, 13, 5, 13, 3, 11, 4, 3, 13, 1, 1, 11, 8, 13, 4, 14, 6, 14, 15, 14, 10, 12, 4, 15, 8, 7, 
>> seq 175
11, 12, 8, 14, 7, 3, 6, 0, 12, 4, 4, 2, 4, 6, 6, 7, 15, 1, 8, 2, 1, 0, 11, 2, 6, 7, 14, 7, 4, 7, 9, 14, 6, 2, 4, 11, 7, 15, 11, 0, 5, 10, 10, 13, 8, 8, 11, 15, 8, 12, 11, 5, 7, 0, 8, 0, 3, 8, 10, 3, 4, 11, 14, 8, 5, 15, 4, 8, 1, 8, 15, 9, 8, 14, 3, 7, 3, 2, 15, 6, 4, 3, 7, 1, 1, 15, 11, 11, 3, 2, 6, 11, 5, 12, 0, 6, 2, 5, 13, 10, 1, 6, 9, 13, 5, 13, 3, 11, 4, 3, 13, 1, 1, 11, 8, 13, 4, 14, 6, 14, 15, 14, 10, 12, 4, 15, 8, 7, 
>> seq 176
11, 12, 8, 14, 7, 3, 6, 0, 12, 4, 4, 2, 4, 6, 6, 7, 15, 1, 8, 2, 1, 0, 11, 2, 6, 7, 14, 7, 4, 7, 9, 14, 6, 2, 4, 11, 7, 15, 11, 0, 5, 10, 10, 13, 8, 8, 11, 15, 8, 12, 11, 5, 7, 0, 8, 0, 3, 8, 10, 3, 4, 11, 14, 8, 5, 15, 4, 8, 1, 8, 15, 9, 8, 14, 3, 7, 3, 2, 15, 6, 4, 3, 7, 1, 1, 15, 11, 11, 3, 2, 6, 11, 5, 12, 0, 6, 2, 5, 13, 10, 1, 6, 9, 13, 5, 13, 3, 11, 4, 3, 13, 1, 1, 11, 8, 13, 4, 14, 6, 14, 15, 14, 10, 12, 4, 15, 8, 7, 
>> seq 177
11, 12, 8, 14, 7, 3, 6, 0, 12, 4, 4, 2, 4, 6, 6, 7, 15, 1, 8, 2, 1, 0, 11, 2, 6, 7, 14, 7, 4, 7, 9, 14, 6, 2, 4, 11, 7, 15, 11, 0, 5, 10, 10, 13, 8, 8, 11, 15, 8, 12, 11, 5, 7, 0, 8, 0, 3, 8, 10, 3, 4, 11, 14, 8, 5, 15, 4, 8, 1, 8, 15, 9, 8, 14, 3, 7, 3, 2, 15, 6, 4, 3, 7, 1, 1, 15, 11, 11, 3, 2, 6, 11, 5, 12, 0, 6, 2, 5, 13, 10, 1, 6, 9, 13, 5, 13, 3, 11, 4, 3, 13, 1, 1, 11, 8, 13, 4, 14, 6, 14, 15, 14, 10, 12, 4, 15, 8, 7, 
>> seq 178
11, 12, 8, 14, 7, 3, 6, 0, 12, 4, 4, 2, 4, 6, 6, 7, 15, 1, 8, 2, 1, 0, 11, 2, 6, 7, 14, 7, 4, 7, 9, 14, 6, 2, 4, 11, 7, 15, 11, 0, 5, 10, 10, 13, 8, 8, 11, 15, 8, 12, 11, 5, 7, 0, 8, 0, 3, 8, 10, 3, 4, 11, 14, 8, 5, 15, 4, 8, 1, 8, 15, 9, 8, 14, 3, 7, 3, 2, 15, 6, 4, 3, 7, 1, 1, 15, 11, 11, 3, 2, 6, 11, 5, 12, 0, 6, 2, 5, 13, 10, 1, 6, 9, 13, 5, 13, 3, 11, 4, 3, 13, 1, 1, 11, 8, 13, 4, 14, 6, 14, 15, 14, 10, 12, 4, 15, 8, 7, 
>> seq 179
11, 12, 8, 14, 7, 3, 6, 0, 12, 4, 4, 2, 4, 6, 6, 7, 15, 1, 8, 2, 1, 0, 11, 2, 6, 7, 14, 7, 4, 7, 9, 14, 6, 2, 4, 11, 7, 15, 11, 0, 5, 10, 10, 13, 8, 8, 11, 15, 8, 12, 11, 5, 7, 0, 8, 0, 3, 8, 10, 3, 4, 11, 14, 8, 5, 15, 4, 8, 1, 8, 15, 9, 8, 14, 3, 7, 3, 2, 15, 6, 4, 3, 7, 1, 1, 15, 11, 11, 3, 2, 6, 11, 5, 12, 0, 6, 2, 5, 13, 10, 1, 6, 9, 13, 5, 13, 3, 11, 4, 3, 13, 1, 1, 11, 8, 13, 4, 14, 6, 14, 15, 14, 10, 12, 4, 15, 8, 7, 
>> seq 180
11, 12, 8, 14, 7, 3, 6, 0, 12, 4, 4, 2, 4, 6, 6, 7, 15, 1, 8, 2, 1, 0, 11, 2, 6, 7, 14, 7, 4, 7, 9, 14, 6, 2, 4, 11, 7, 15, 11, 0, 5, 10, 10, 13, 8, 8, 11, 15, 8, 12, 11, 5, 7, 0, 8, 0, 3, 8, 10, 3, 4, 11, 14, 8, 5, 15, 4, 8, 1, 8, 15, 9, 8, 14, 3, 7, 3, 2, 15, 6, 4, 3, 7, 1, 1, 15, 11, 11, 3, 2, 6, 11, 5, 12, 0, 6, 2, 5, 13, 10, 1, 6, 9, 13, 5, 13, 3, 11, 4, 3, 13, 1, 1, 11, 8, 13, 4, 14, 6, 14, 15, 14, 10, 12, 4, 15, 8, 7, 
>> seq 181
11, 12, 8, 14, 7, 3, 6, 0, 12, 4, 4, 2, 4, 6, 6, 7, 15, 1, 8, 2, 1, 0, 11, 2, 6, 7, 14, 7, 4, 7, 9, 14, 6, 2, 4, 11, 7, 15, 11, 0, 5, 10, 10, 13, 8, 8, 11, 15, 8, 12, 11, 5, 7, 0, 8, 0, 3, 8, 10, 3, 4, 11, 14, 8, 5, 15, 4, 8, 1, 8, 15, 9, 8, 14, 3, 7, 3, 2, 15, 6, 4, 3, 7, 1, 1, 15, 11, 11, 3, 2, 6, 11, 5, 12, 0, 6, 2, 5, 13, 10, 1, 6, 9, 13, 5, 13, 3, 11, 4, 3, 13, 1, 1, 11, 8, 13, 4, 14, 6, 14, 15, 14, 10, 12, 4, 15, 8, 7, 
>> seq 182
11, 12, 8, 14, 7, 3, 6, 0, 12, 4, 4, 2, 4, 6, 6, 7, 15, 1, 8, 2, 1, 0, 11, 2, 6, 7, 14, 7, 4, 7, 9, 14, 6, 2, 4, 11, 7, 15, 11, 0, 5, 10, 10, 13, 8, 8, 11, 15, 8, 12, 11, 5, 7, 0, 8, 0, 3, 8, 10, 3, 4, 11, 14, 8, 5, 15, 4, 8, 1, 8, 15, 9, 8, 14, 3, 7, 3, 2, 15, 6, 4, 3, 7, 1, 1, 15, 11, 11, 3, 2, 6, 11, 5, 12, 0, 6, 2, 5, 13, 10, 1, 6, 9, 13, 5, 13, 3, 11, 4, 3, 13, 1, 1, 11, 8, 13, 4, 14, 6, 14, 15, 14, 10, 12, 4, 15, 8, 7, 
>> seq 183
11, 12, 8, 14, 7, 3, 6, 0, 12, 4, 4, 2, 4, 6, 6, 7, 15, 1, 8, 2, 1, 0, 11, 2, 6, 7, 14, 7, 4, 7, 9, 14, 6, 2, 4, 11, 7, 15, 11, 0, 5, 10, 10, 13, 8, 8, 11, 15, 8, 12, 11, 5, 7, 0, 8, 0, 3, 8, 10, 3, 4, 11, 14, 8, 5, 15, 4, 8, 1, 8, 15, 9, 8, 14, 3, 7, 3, 2, 15, 6, 4, 3, 7, 1, 1, 15, 11, 11, 3, 2, 6, 11, 5, 12, 0, 6, 2, 5, 13, 10, 1, 6, 9, 13, 5, 13, 3, 11, 4, 3, 13, 1, 1, 11, 8, 13, 4, 14, 6, 14, 15, 14, 10, 12, 4, 15, 8, 7, 
>> seq 184
11, 12, 8, 14, 7, 3, 6, 0, 12, 4, 4, 2, 4, 6, 6, 7, 15, 1, 8, 2, 1, 0, 11, 2, 6, 7, 14, 7, 4, 7, 9, 14, 6, 2, 4, 11, 7, 15, 11, 0, 5, 10, 10, 13, 8, 8, 11, 15, 8, 12, 11, 5, 7, 0, 8, 0, 3, 8, 10, 3, 4, 11, 14, 8, 5, 15, 4, 8, 1, 8, 15, 9, 8, 14, 3, 7, 3, 2, 15, 6, 4, 3, 7, 1, 1, 15, 11, 11, 3, 2, 6, 11, 5, 12, 0, 6, 2, 5, 13, 10, 1, 6, 9, 13, 5, 13, 3, 11, 4, 3, 13, 1, 1, 11, 8, 13, 4, 14, 6, 14, 15, 14, 10, 12, 4, 15, 8, 7, 
>> seq 185
11, 12, 8, 14, 7, 3, 6, 0, 12, 4, 4, 2, 4, 6, 6, 7, 15, 1, 8, 2, 1, 0, 11, 2, 6, 7, 14, 7, 4, 7, 9, 14, 6, 2, 4, 11, 7, 15, 11, 0, 5, 10, 10, 13, 8, 8, 11, 15, 8, 12, 11, 5, 7, 0, 8, 0, 3, 8, 10, 3, 4, 11, 14, 8, 5, 15, 4, 8, 1, 8, 15, 9, 8, 14, 3, 7, 3, 2, 15, 6, 4, 3, 7, 1, 1, 15, 11, 11, 3, 2, 6, 11, 5, 12, 0, 6, 2, 5, 13, 10, 1, 6, 9, 13, 5, 13, 3, 11, 4, 3, 13, 1, 1, 11, 8, 13, 4, 14, 6, 14, 15, 14, 10, 12, 4, 15, 8, 7, 
>> seq 186
11, 12, 8, 14, 7, 3, 6, 0, 12, 4, 4, 2, 4, 6, 6, 7, 15, 1, 8, 2, 1, 0, 11, 2, 6, 7, 14, 7, 4, 7, 9, 14, 6, 2, 4, 11, 7, 15, 11, 0, 5, 10, 10, 13, 8, 8, 11, 15, 8, 12, 11, 5, 7, 0, 8, 0, 3, 8, 10, 3, 4, 11, 14, 8, 5, 15, 4, 8, 1, 8, 15, 9, 8, 14, 3, 7, 3, 2, 15, 6, 4, 3, 7, 1, 1, 15, 11, 11, 3, 2, 6, 11, 5, 12, 0, 6, 2, 5, 13, 10, 1, 6, 9, 13, 5, 13, 3, 11, 4, 3, 13, 1, 1, 11, 8, 13, 4, 14, 6, 14, 15, 14, 10, 12, 4, 15, 8, 7, 
>> seq 187
11, 12, 8, 14, 7, 3, 6, 0, 12, 4, 4, 2, 4, 6, 6, 7, 15, 1, 8, 2, 1, 0, 11, 2, 6, 7, 14, 7, 4, 7, 9, 14, 6, 2, 4, 11, 7, 15, 11, 0, 5, 10, 10, 13, 8, 8, 11, 15, 8, 12, 11, 5, 7, 0, 8, 0, 3, 8, 10, 3, 4, 11, 14, 8, 5, 15, 4, 8, 1, 8, 15, 9, 8, 14, 3, 7, 3, 2, 15, 6, 4, 3, 7, 1, 1, 15, 11, 11, 3, 2, 6, 11, 5, 12, 0, 6, 2, 5, 13, 10, 1, 6, 9, 13, 5, 13, 3, 11, 4, 3, 13, 1, 1, 11, 8, 13, 4, 14, 6, 14, 15, 14, 10, 12, 4, 15, 8, 7, 
>> seq 188
11, 12, 8, 14, 7, 3, 6, 0, 12, 4, 4, 2, 4, 6, 6, 7, 15, 1, 8, 2, 1, 0, 11, 2, 6, 7, 14, 7, 4, 7, 9, 14, 6, 2, 4, 11, 7, 15, 11, 0, 5, 10, 10, 13, 8, 8, 11, 15, 8, 12, 11, 5, 7, 0, 8, 0, 3, 8, 10, 3, 4, 11, 14, 8, 5, 15, 4, 8, 1, 8, 15, 9, 8, 14, 3, 7, 3, 2, 15, 6, 4, 3, 7, 1, 1, 15, 11, 11, 3, 2, 6, 11, 5, 12, 0, 6, 2, 5, 13, 10, 1, 6, 9, 13, 5, 13, 3, 11, 4, 3, 13, 1, 1, 11, 8, 13, 4, 14, 6, 14, 15, 14, 10, 12, 4, 15, 8, 7, 
>> seq 189
11, 12, 8, 14, 7, 3, 6, 0, 12, 4, 4, 2, 4, 6, 6, 7, 15, 1, 8, 2, 1, 0, 11, 2, 6, 7, 14, 7, 4, 7, 9, 14, 6, 2, 4, 11, 7, 15, 11, 0, 5, 10, 10, 13, 8, 8, 11, 15, 8, 12, 11, 5, 7, 0, 8, 0, 3, 8, 10, 3, 4, 11, 14, 8, 5, 15, 4, 8, 1, 8, 15, 9, 8, 14, 3, 7, 3, 2, 15, 6, 4, 3, 7, 1, 1, 15, 11, 11, 3, 2, 6, 11, 5, 12, 0, 6, 2, 5, 13, 10, 1, 6, 9, 13, 5, 13, 3, 11, 4, 3, 13, 1, 1, 11, 8, 13, 4, 14, 6, 14, 15, 14, 10, 12, 4, 15, 8, 7, 
>> seq 190
11, 12, 8, 14, 7, 3, 6, 0, 12, 4, 4, 2, 4, 6, 6, 7, 15, 1, 8, 2, 1, 0, 11, 2, 6, 7, 14, 7, 4, 7, 9, 14, 6, 2, 4, 11, 7, 15, 11, 0, 5, 10, 10, 13, 8, 8, 11, 15, 8, 12, 11, 5, 7, 0, 8, 0, 3, 8, 10, 3, 4, 11, 14, 8, 5, 15, 4, 8, 1, 8, 15, 9, 8, 14, 3, 7, 3, 2, 15, 6, 4, 3, 7, 1, 1, 15, 11, 11, 3, 2, 6, 11, 5, 12, 0, 6, 2, 5, 13, 10, 1, 6, 9, 13, 5, 13, 3, 11, 4, 3, 13, 1, 1, 11, 8, 13, 4, 14, 6, 14, 15, 14, 10, 12, 4, 15, 8, 7, 
>> seq 191
11, 12, 8, 14, 7, 3, 6, 0, 12, 4, 4, 2, 4, 6, 6, 7, 15, 1, 8, 2, 1, 0, 11, 2, 6, 7, 14, 7, 4, 7, 9, 14, 6, 2, 4, 11, 7, 15, 11, 0, 5, 10, 10, 13, 8, 8, 11, 15, 8, 12, 11, 5, 7, 0, 8, 0, 3, 8, 10, 3, 4, 11, 14, 8, 5, 15, 4, 8, 1, 8, 15, 9, 8, 14, 3, 7, 3, 2, 15, 6, 4, 3, 7, 1, 1, 15, 11, 11, 3, 2, 6, 11, 5, 12, 0, 6, 2, 5, 13, 10, 1, 6, 9, 13, 5, 13, 3, 11, 4, 3, 13, 1, 1, 11, 8, 13, 4, 14, 6, 14, 15, 14, 10, 12, 4, 15, 8, 7, 
>> seq 192
11, 12, 8, 14, 7, 3, 6, 0, 12, 4, 4, 2, 4, 6, 6, 7, 15, 1, 8, 2, 1, 0, 11, 2, 6, 7, 14, 7, 4, 7, 9, 14, 6, 2, 4, 11, 7, 15, 11, 0, 5, 10, 10, 13, 8, 8, 11, 15, 8, 12, 11, 5, 7, 0, 8, 0, 3, 8, 10, 3, 4, 11, 14, 8, 5, 15, 4, 8, 1, 8, 15, 9, 8, 14, 3, 7, 3, 2, 15, 6, 4, 3, 7, 1, 1, 15, 11, 11, 3, 2, 6, 11, 5, 12, 0, 6, 2, 5, 13, 10, 1, 6, 9, 13, 5, 13, 3, 11, 4, 3, 13, 1, 1, 11, 8, 13, 4, 14, 6, 14, 15, 14, 10, 12, 4, 15, 8, 7, 
>> seq 193
11, 12, 8, 14, 7, 3, 6, 0, 12, 4, 4, 2, 4, 6, 6, 7, 15, 1, 8, 2, 1, 0, 11, 2, 6, 7, 14, 7, 4, 7, 9, 14, 6, 2, 4, 11, 7, 15, 11, 0, 5, 10, 10, 13, 8, 8, 11, 15, 8, 12, 11, 5, 7, 0, 8, 0, 3, 8, 10, 3, 4, 11, 14, 8, 5, 15, 4, 8, 1, 8, 15, 9, 8, 14, 3, 7, 3, 2, 15, 6, 4, 3, 7, 1, 1, 15, 11, 11, 3, 2, 6, 11, 5, 12, 0, 6, 2, 5, 13, 10, 1, 6, 9, 13, 5, 13, 3, 11, 4, 3, 13, 1, 1, 11, 8, 13, 4, 14, 6, 14, 15, 14, 10, 12, 4, 15, 8, 7, 
>> seq 194
11, 12, 8, 14, 7, 3, 6, 0, 12, 4, 4, 2, 4, 6, 6, 7, 15, 1, 8, 2, 1, 0, 11, 2, 6, 7, 14, 7, 4, 7, 9, 14, 6, 2, 4, 11, 7, 15, 11, 0, 5, 10, 10, 13, 8, 8, 11, 15, 8, 12, 11, 5, 7, 0, 8, 0, 3, 8, 10, 3, 4, 11, 14, 8, 5, 15, 4, 8, 1, 8, 15, 9, 8, 14, 3, 7, 3, 2, 15, 6, 4, 3, 7, 1, 1, 15, 11, 11, 3, 2, 6, 11, 5, 12, 0, 6, 2, 5, 13, 10, 1, 6, 9, 13, 5, 13, 3, 11, 4, 3, 13, 1, 1, 11, 8, 13, 4, 14, 6, 14, 15, 14, 10, 12, 4, 15, 8, 7, 
>> seq 195
11, 12, 8, 14, 7, 3, 6, 0, 12, 4, 4, 2, 4, 6, 6, 7, 15, 1, 8, 2, 1, 0, 11, 2, 6, 7, 14, 7, 4, 7, 9, 14, 6, 2, 4, 11, 7, 15, 11, 0, 5, 10, 10, 13, 8, 8, 11, 15, 8, 12, 11, 5, 7, 0, 8, 0, 3, 8, 10, 3, 4, 11, 14, 8, 5, 15, 4, 8, 1, 8, 15, 9, 8, 14, 3, 7, 3, 2, 15, 6, 4, 3, 7, 1, 1, 15, 11, 11, 3, 2, 6, 11, 5, 12, 0, 6, 2, 5, 13, 10, 1, 6, 9, 13, 5, 13, 3, 11, 4, 3, 13, 1, 1, 11, 8, 13, 4, 14, 6, 14, 15, 14, 10, 12, 4, 15, 8, 7, 
>> seq 196
11, 12, 8, 14, 7, 3, 6, 0, 12, 4, 4, 2, 4, 6, 6, 7, 15, 1, 8, 2, 1, 0, 11, 2, 6, 7, 14, 7, 4, 7, 9, 14, 6, 2, 4, 11, 7, 15, 11, 0, 5, 10, 10, 13, 8, 8, 11, 15, 8, 12, 11, 5, 7, 0, 8, 0, 3, 8, 10, 3, 4, 11, 14, 8, 5, 15, 4, 8, 1, 8, 15, 9, 8, 14, 3, 7, 3, 2, 15, 6, 4, 3, 7, 1, 1, 15, 11, 11, 3, 2, 6, 11, 5, 12, 0, 6, 2, 5, 13, 10, 1, 6, 9, 13, 5, 13, 3, 11, 4, 3, 13, 1, 1, 11, 8, 13, 4, 14, 6, 14, 15, 14, 10, 12, 4, 15, 8, 7, 
>> seq 197
11, 12, 8, 14, 7, 3, 6, 0, 12, 4, 4, 2, 4, 6, 6, 7, 15, 1, 8, 2, 1, 0, 11, 2, 6, 7, 14, 7, 4, 7, 9, 14, 6, 2, 4, 11, 7, 15, 11, 0, 5, 10, 10, 13, 8, 8, 11, 15, 8, 12, 11, 5, 7, 0, 8, 0, 3, 8, 10, 3, 4, 11, 14, 8, 5, 15, 4, 8, 1, 8, 15, 9, 8, 14, 3, 7, 3, 2, 15, 6, 4, 3, 7, 1, 1, 15, 11, 11, 3, 2, 6, 11, 5, 12, 0, 6, 2, 5, 13, 10, 1, 6, 9, 13, 5, 13, 3, 11, 4, 3, 13, 1, 1, 11, 8, 13, 4, 14, 6, 14, 15, 14, 10, 12, 4, 15, 8, 7, 
>> seq 198
11, 12, 8, 14, 7, 3, 6, 0, 12, 4, 4, 2, 4, 6, 6, 7, 15, 1, 8, 2, 1, 0, 11, 2, 6, 7, 14, 7, 4, 7, 9, 14, 6, 2, 4, 11, 7, 15, 11, 0, 5, 10, 10, 13, 8, 8, 11, 15, 8, 12, 11, 5, 7, 0, 8, 0, 3, 8, 10, 3, 4, 11, 14, 8, 5, 15, 4, 8, 1, 8, 15, 9, 8, 14, 3, 7, 3, 2, 15, 6, 4, 3, 7, 1, 1, 15, 11, 11, 3, 2, 6, 11, 5, 12, 0, 6, 2, 5, 13, 10, 1, 6, 9, 13, 5, 13, 3, 11, 4, 3, 13, 1, 1, 11, 8, 13, 4, 14, 6, 14, 15, 14, 10, 12, 4, 15, 8, 7, 
>> seq 199
11, 12, 8, 14, 7, 3, 6, 0, 12, 4, 4, 2, 4, 6, 6, 7, 15, 1, 8, 2, 1, 0, 11, 2, 6, 7, 14, 7, 4, 7, 9, 14, 6, 2, 4, 11, 7, 15, 11, 0, 5, 10, 10, 13, 8, 8, 11, 15, 8, 12, 11, 5, 7, 0, 8, 0, 3, 8, 10, 3, 4, 11, 14, 8, 5, 15, 4, 8, 1, 8, 15, 9, 8, 14, 3, 7, 3, 2, 15, 6, 4, 3, 7, 1, 1, 15, 11, 11, 3, 2, 6, 11, 5, 12, 0, 6, 2, 5, 13, 10, 1, 6, 9, 13, 5, 13, 3, 11, 4, 3, 13, 1, 1, 11, 8, 13, 4, 14, 6, 14, 15, 14, 10, 12, 4, 15, 8, 7, 
