>> seq 0
4, 1, 13, 2, 4, 0, 9, 11, 14, 4, 9, 0, 15, 2, 4, 4, 0, 9, 0, 11, 0, 8, 12, 4, 13, 1, 4, 6, 12, 6, 2, 11, 3, 2, 0, 13, 1, 3, 8, 8, 2, 9, 8, 5, 5, 9, 7, 6, 11, 1, 12, 15, 3, 13, 10, 2, 14, 13, 12, 12, 10, 2, 1, 2, 5, 14, 9, 3, 0, 12, 15, 6, 10, 1, 6, 7, 3, 15, 13, 4, 9, 8, 4, 4, 1, 14, 0, 7, 4, 0, 7, 5, 4, 14, 4, 5, 4, 13, 11, 5, 11, 8, 13, 4, 15, 3, 11, 0, 13, 12, 3, 5, 1, 4, 2, 3, 12, 1, 3, 6, 8, 3, 4, 15, 5, 11, 6, 5, 
>> seq 1
4, 1, 13, 2, 4, 0, 9, 11, 14, 4, 9, 0, 15, 2, 4, 4, 0, 9, 0, 11, 0, 8, 12, 4, 13, 1, 4, 6, 12, 5, 2, 11, 3, 2, 0, 13, 1, 3, 8, 8, 2, 9, 8, 5, 5, 9, 7, 6, 11, 1, 12, 15, 3, 13, 10, 2, 14, 13, 12, 12, 10, 2, 1, 2, 5, 14, 9, 3, 0, 12, 15, 6, 10, 1, 6, 7, 3, 15, 13, 4, 9, 8, 4, 4, 1, 14, 0, 7, 4, 0, 7, 5, 4, 14, 4, 5, 4, 13, 11, 5, 12, 8, 13, 4, 15, 3, 11, 0, 13, 12, 3, 5, 1, 4, 2, 3, 12, 1, 3, 6, 8, 3, 4, 15, 5, 11, 6, 5, 
>> seq 2
4, 1, 13, 2, 4, 0, 9, 11, 14, 4, 9, 0, 15, 2, 4, 4, 0, 9, 0, 11, 0, 8, 12, 4, 13, 1, 4, 6, 12, 6, 2, 11, 3, 2, 0, 13, 1, 0, 8, 8, 2, 9, 8, 5, 5, 9, 7, 6, 11, 1, 12, 15, 3, 13, 10, 2, 14, 13, 12, 12, 11, 2, 1, 2, 5, 14, 9, 3, 0, 12, 15, 6, 10, 1, 6, 7, 3, 15, 12, 4, 9, 8, 4, 4, 1, 14, 0, 7, 4, 0, 7, 5, 13, 14, 1, 5, 4, 13, 11, 5, 12, 8, 15, 4, 15, 3, 11, 0, 13, 12, 3, 5, 1, 4, 2, 3, 12, 1, 3, 6, 8, 3, 4, 15, 5, 11, 6, 5, 
>> seq 3
4, 1, 13, 2, 4, 0, 9, 11, 14, 4, 9, 0, 15, 2, 4, 4, 0, 9, 0, 11, 0, 8, 12, 4, 13, 1, 4, 6, 12, 6, 2, 11, 3, 2, 0, 13, 1, 0, 8, 8, 2, 9, 8, 5, 5, 9, 7, 6, 11, 1, 12, 15, 3, 13, 10, 2, 14, 13, 12, 12, 11, 2, 1, 2, 5, 14, 9, 3, 0, 12, 15, 6, 10, 1, 6, 7, 3, 15, 12, 4, 9, 8, 4, 4, 1, 14, 0, 7, 4, 0, 7, 5, 13, 14, 1, 5, 4, 13, 11, 4, 12, 8, 15, 4, 15, 3, 11, 0, 13, 12, 3, 5, 1, 4, 2, 3, 12, 1, 3, 6, 8, 3, 4, 15, 5, 11, 6, 5, 
>> seq 4
4, 1, 13, 2, 4, 0, 9, 11, 14, 4, 9, 0, 15, 2, 4, 4, 0, 9, 0, 11, 0, 8, 12, 4, 13, 1, 4, 6, 12, 6, 2, 11, 3, 2, 0, 13, 1, 0, 8, 8, 2, 9, 8, 5, 5, 9, 7, 6, 11, 1, 12, 15, 3, 13, 10, 2, 14, 13, 12, 12, 11, 2, 1, 2, 5, 14, 9, 3, 0, 12, 15, 6, 10, 1, 6, 7, 3, 15, 12, 4, 9, 8, 4, 4, 1, 14, 0, 7, 4, 0, 7, 5, 13, 14, 1, 5, 4, 13, 11, 4, 12, 8, 15, 4, 15, 0, 11, 0, 13, 12, 3, 5, 1, 4, 2, 3, 12, 1, 3, 6, 8, 3, 4, 15, 5, 11, 6, 5, 
>> seq 5
4, 1, 13, 2, 4, 0, 9, 11, 14, 4, 9, 0, 15, 2, 4, 4, 0, 9, 0, 11, 0, 8, 12, 4, 13, 1, 4, 6, 12, 6, 2, 11, 3, 2, 0, 13, 1, 0, 8, 8, 2, 9, 8, 5, 5, 9, 7, 6, 11, 1, 12, 15, 3, 13, 10, 2, 14, 13, 12, 12, 11, 2, 1, 2, 5, 14, 9, 3, 0, 12, 15, 6, 10, 1, 6, 7, 3, 15, 12, 4, 9, 8, 4, 4, 1, 14, 0, 7, 4, 0, 7, 5, 13, 14, 1, 5, 4, 13, 11, 5, 12, 8, 15, 4, 15, 0, 11, 0, 13, 12, 3, 5, 1, 4, 2, 3, 12, 1, 3, 6, 8, 3, 4, 15, 5, 11, 6, 5, 
>> seq 6
4, 1, 13, 2, 4, 0, 9, 11, 14, 4, 9, 0, 15, 2, 4, 4, 0, 9, 0, 11, 0, 8, 12, 4, 13, 1, 4, 6, 12, 6, 2, 11, 3, 2, 0, 13, 1, 0, 8, 8, 2, 9, 8, 5, 5, 9, 7, 6, 11, 1, 12, 15, 3, 13, 10, 2, 14, 13, 12, 12, 11, 2, 1, 2, 5, 14, 9, 3, 0, 12, 15, 6, 10, 1, 6, 7, 3, 15, 12, 4, 9, 8, 4, 4, 1, 14, 0, 7, 4, 0, 7, 5, 13, 14, 1, 5, 4, 13, 11, 5, 12, 8, 15, 4, 15, 0, 11, 0, 13, 12, 3, 5, 1, 4, 2, 3, 12, 1, 3, 6, 8, 3, 4, 15, 5, 11, 6, 5, 
>> seq 7
4, 1, 13, 2, 4, 0, 9, 11, 14, 4, 9, 0, 15, 2, 4, 4, 0, 9, 0, 11, 0, 8, 12, 4, 13, 1, 4, 6, 12, 6, 2, 11, 3, 2, 0, 13, 1, 0, 8, 8, 2, 9, 8, 5, 5, 9, 7, 6, 11, 1, 12, 15, 3, 13, 10, 2, 14, 13, 12, 12, 11, 2, 1, 2, 5, 14, 9, 3, 0, 12, 15, 6, 10, 1, 6, 7, 3, 15, 12, 4, 9, 8, 4, 4, 1, 14, 0, 7, 4, 0, 7, 5, 13, 14, 1, 5, 4, 13, 11, 5, 12, 8, 15, 4, 15, 0, 11, 0, 13, 12, 3, 5, 1, 4, 2, 3, 12, 1, 3, 6, 8, 3, 4, 15, 5, 11, 6, 5, 
>> seq 8
4, 1, 13, 2, 4, 0, 9, 11, 14, 4, 9, 0, 15, 2, 4, 4, 0, 9, 0, 11, 0, 8, 12, 4, 13, 1, 4, 6, 12, 6, 2, 11, 3, 2, 0, 13, 1, 0, 8, 8, 2, 9, 8, 5, 5, 9, 7, 6, 11, 1, 12, 15, 3, 13, 10, 2, 14, 13, 12, 12, 11, 2, 1, 2, 5, 14, 9, 3, 0, 12, 15, 6, 10, 1, 6, 7, 3, 15, 12, 4, 9, 8, 4, 4, 1, 14, 0, 7, 4, 0, 7, 5, 13, 14, 1, 5, 4, 13, 11, 5, 12, 8, 15, 4, 15, 0, 11, 0, 13, 12, 3, 5, 1, 4, 2, 3, 12, 1, 3, 6, 8, 3, 4, 15, 5, 11, 6, 5, 
>> seq 9
4, 1, 13, 2, 4, 0, 9, 11, 14, 4, 9, 0, 15, 2, 4, 4, 0, 9, 0, 11, 0, 8, 12, 4, 13, 1, 4, 6, 12, 6, 2, 11, 3, 2, 0, 13, 1, 3, 8, 8, 2, 9, 8, 5, 5, 9, 7, 6, 11, 1, 12, 15, 3, 13, 10, 2, 14, 13, 12, 12, 11, 2, 1, 2, 5, 14, 9, 3, 0, 12, 15, 6, 10, 1, 6, 7, 3, 15, 12, 4, 9, 8, 4, 4, 1, 14, 0, 7, 4, 0, 7, 5, 13, 14, 4, 5, 4, 13, 11, 5, 12, 8, 15, 4, 15, 3, 11, 0, 13, 12, 3, 5, 1, 4, 2, 3, 12, 1, 3, 6, 8, 3, 4, 15, 5, 11, 6, 5, 
>> seq 10
4, 1, 13, 2, 4, 0, 9, 11, 14, 4, 9, 0, 15, 2, 4, 4, 0, 9, 0, 11, 0, 8, 12, 4, 13, 1, 4, 6, 12, 5, 2, 11, 3, 2, 0, 13, 1, 3, 8, 8, 2, 9, 8, 5, 5, 9, 7, 6, 11, 1, 12, 15, 3, 13, 10, 2, 14, 13, 12, 12, 11, 2, 1, 2, 5, 14, 9, 3, 0, 12, 15, 6, 10, 1, 6, 7, 3, 15, 13, 4, 9, 8, 4, 4, 1, 14, 0, 7, 4, 0, 7, 5, 13, 14, 4, 5, 4, 13, 11, 5, 12, 8, 13, 4, 15, 3, 11, 0, 13, 12, 3, 5, 1, 4, 2, 3, 12, 1, 3, 6, 8, 3, 4, 15, 5, 11, 6, 5, 
>> seq 11
4, 1, 13, 2, 4, 0, 9, 11, 14, 4, 9, 0, 15, 2, 4, 4, 0, 9, 0, 11, 0, 8, 12, 4, 13, 1, 4, 6, 12, 5, 2, 11, 3, 2, 0, 13, 1, 3, 8, 8, 2, 9, 8, 5, 5, 9, 7, 6, 11, 1, 12, 15, 3, 13, 10, 2, 14, 13, 12, 12, 11, 2, 1, 2, 5, 14, 9, 3, 0, 12, 15, 6, 10, 1, 6, 7, 3, 15, 13, 4, 9, 8, 4, 4, 1, 14, 0, 7, 4, 0, 7, 5, 13, 14, 4, 5, 4, 13, 11, 5, 12, 8, 13, 4, 15, 3, 11, 0, 13, 12, 3, 5, 1, 4, 2, 3, 12, 1, 3, 6, 8, 3, 4, 15, 5, 11, 6, 5, 
>> seq 12
4, 1, 13, 2, 4, 0, 9, 11, 14, 4, 9, 0, 15, 2, 4, 4, 0, 9, 0, 11, 0, 8, 12, 4, 13, 1, 4, 6, 12, 5, 2, 11, 3, 2, 0, 13, 1, 3, 8, 8, 2, 9, 8, 5, 5, 9, 7, 6, 11, 1, 12, 15, 3, 13, 10, 2, 14, 13, 12, 12, 11, 2, 1, 2, 5, 14, 9, 3, 0, 12, 15, 6, 10, 1, 6, 7, 3, 15, 13, 4, 9, 8, 4, 4, 1, 14, 0, 7, 4, 0, 7, 5, 13, 14, 4, 5, 4, 13, 11, 5, 12, 8, 13, 4, 15, 3, 11, 0, 13, 12, 3, 5, 1, 4, 2, 3, 12, 1, 3, 6, 8, 3, 4, 15, 5, 11, 6, 5, 
>> seq 13
4, 1, 13, 2, 4, 0, 9, 11, 14, 4, 9, 0, 15, 2, 4, 4, 0, 9, 0, 11, 0, 8, 12, 4, 13, 1, 4, 6, 12, 5, 2, 11, 3, 2, 0, 13, 1, 3, 8, 8, 2, 9, 8, 5, 5, 9, 7, 6, 11, 1, 12, 15, 3, 13, 10, 2, 14, 13, 12, 12, 11, 2, 1, 2, 5, 14, 9, 3, 0, 12, 15, 6, 10, 1, 6, 7, 3, 15, 13, 4, 9, 8, 4, 4, 1, 14, 0, 7, 4, 0, 7, 5, 4, 14, 4, 5, 4, 13, 11, 5, 12, 8, 13, 4, 15, 3, 11, 0, 13, 12, 3, 5, 1, 4, 2, 3, 12, 1, 3, 6, 8, 3, 4, 15, 5, 11, 6, 5, 
>> seq 14
4, 1, 13, 2, 4, 0, 9, 11, 14, 4, 9, 0, 15, 2, 4, 4, 0, 9, 0, 11, 0, 8, 12, 4, 13, 1, 4, 6, 12, 5, 2, 11, 3, 2, 0, 13, 1, 3, 8, 8, 2, 9, 8, 5, 5, 9, 7, 6, 11, 1, 12, 15, 3, 13, 10, 2, 14, 13, 12, 12, 11, 2, 1, 2, 5, 14, 9, 3, 0, 12, 15, 6, 10, 1, 6, 7, 3, 15, 13, 4, 9, 8, 4, 4, 1, 14, 0, 5, 4, 0, 7, 5, 4, 14, 4, 5, 4, 13, 11, 5, 12, 8, 13, 4, 15, 3, 11, 0, 13, 12, 3, 5, 1, 4, 2, 3, 12, 1, 3, 6, 8, 3, 4, 15, 5, 11, 6, 5, 
>> seq 15
4, 1, 13, 2, 4, 0, 9, 11, 14, 4, 9, 0, 15, 2, 4, 4, 0, 9, 0, 11, 0, 8, 12, 4, 13, 1, 4, 6, 12, 5, 2, 11, 3, 2, 0, 13, 1, 0, 8, 8, 2, 9, 8, 5, 5, 9, 7, 6, 11, 1, 12, 15, 3, 13, 10, 2, 14, 13, 12, 12, 11, 2, 1, 2, 5, 14, 9, 3, 0, 12, 15, 6, 10, 1, 6, 7, 3, 15, 13, 4, 9, 8, 4, 4, 1, 14, 0, 7, 4, 0, 7, 5, 4, 14, 1, 5, 4, 13, 11, 5, 12, 8, 13, 4, 15, 3, 11, 0, 13, 12, 3, 5, 1, 4, 2, 3, 12, 1, 3, 6, 8, 3, 4, 15, 5, 11, 6, 5, 
>> seq 16
4, 1, 13, 2, 4, 0, 9, 11, 14, 4, 9, 0, 15, 2, 4, 4, 0, 9, 0, 11, 0, 8, 12, 4, 13, 1, 4, 6, 12, 5, 2, 11, 3, 2, 0, 13, 1, 3, 8, 8, 2, 9, 8, 5, 5, 9, 7, 6, 11, 1, 12, 15, 3, 13, 10, 2, 14, 13, 12, 12, 11, 2, 1, 2, 5, 14, 9, 3, 0, 12, 15, 6, 10, 1, 6, 7, 3, 15, 13, 4, 9, 8, 4, 4, 1, 14, 0, 5, 4, 0, 7, 5, 4, 14, 4, 5, 4, 13, 11, 5, 12, 8, 13, 4, 15, 3, 11, 0, 13, 12, 3, 5, 1, 4, 2, 3, 12, 1, 3, 6, 8, 3, 4, 15, 5, 11, 6, 5, 
>> seq 17
4, 1, 13, 2, 4, 0, 9, 11, 14, 4, 9, 0, 15, 2, 4, 4, 0, 9, 0, 11, 0, 8, 12, 7, 13, 1, 4, 6, 12, 5, 2, 11, 3, 2, 0, 13, 1, 3, 8, 8, 2, 9, 8, 5, 5, 9, 7, 6, 11, 1, 12, 15, 3, 13, 10, 2, 14, 13, 12, 12, 10, 2, 1, 2, 5, 14, 9, 3, 0, 12, 15, 6, 10, 1, 6, 7, 3, 15, 13, 4, 9, 8, 4, 4, 1, 14, 0, 5, 4, 0, 7, 5, 4, 14, 4, 5, 4, 13, 11, 5, 12, 8, 13, 4, 15, 3, 11, 0, 13, 12, 3, 5, 1, 4, 2, 3, 12, 1, 3, 6, 8, 3, 4, 15, 5, 11, 6, 5, 
>> seq 18
4, 1, 13, 2, 4, 0, 9, 11, 14, 4, 9, 0, 15, 2, 4, 4, 0, 9, 0, 11, 0, 8, 12, 7, 13, 1, 4, 6, 12, 5, 2, 11, 3, 2, 0, 13, 1, 3, 8, 8, 2, 9, 8, 5, 5, 9, 7, 6, 11, 1, 12, 15, 3, 13, 10, 2, 14, 13, 12, 12, 10, 2, 1, 2, 5, 14, 9, 3, 0, 12, 15, 6, 10, 1, 6, 7, 3, 15, 13, 4, 9, 8, 4, 4, 1, 14, 0, 5, 4, 0, 7, 5, 4, 14, 4, 5, 4, 13, 11, 5, 12, 8, 13, 4, 15, 3, 11, 0, 13, 12, 3, 5, 1, 4, 2, 3, 12, 1, 3, 6, 8, 3, 4, 15, 5, 11, 6, 5, 
>> seq 19
4, 1, 13, 2, 4, 0, 9, 11, 14, 4, 9, 0, 15, 2, 4, 4, 0, 9, 0, 11, 0, 8, 12, 7, 13, 1, 4, 6, 12, 5, 2, 11, 3, 2, 0, 13, 1, 3, 8, 8, 2, 9, 8, 5, 5, 9, 7, 6, 11, 1, 12, 15, 3, 13, 10, 2, 14, 13, 12, 12, 10, 2, 1, 2, 5, 14, 9, 3, 0, 12, 15, 6, 10, 1, 6, 7, 3, 15, 13, 4, 9, 8, 4, 4, 1, 14, 0, 5, 4, 0, 7, 5, 4, 14, 4, 5, 4, 13, 11, 5, 12, 8, 13, 4, 15, 3, 11, 0, 13, 12, 3, 5, 1, 4, 2, 3, 12, 1, 3, 6, 8, 3, 4, 15, 5, 11, 6, 5, 
>> seq 20
4, 1, 7, 2, 4, 0, 9, 11, 14, 4, 9, 0, 15, 2, 4, 4, 0, 9, 0, 11, 0, 8, 12, 4, 13, 1, 4, 6, 12, 5, 2, 11, 3, 2, 0, 13, 1, 3, 8, 8, 2, 9, 8, 5, 5, 9, 7, 6, 11, 1, 12, 15, 3, 13, 10, 2, 14, 13, 12, 12, 11, 2, 1, 2, 5, 14, 9, 3, 0, 7, 15, 6, 10, 1, 6, 7, 3, 15, 13, 4, 9, 8, 4, 4, 1, 14, 0, 5, 4, 0, 7, 5, 4, 14, 4, 5, 4, 13, 11, 5, 12, 8, 13, 5, 15, 3, 11, 0, 13, 12, 3, 5, 1, 4, 2, 3, 12, 1, 3, 6, 8, 3, 4, 15, 5, 11, 6, 5, 
>> seq 21
4, 1, 7, 2, 4, 0, 9, 11, 14, 4, 9, 0, 15, 2, 4, 4, 0, 9, 0, 11, 0, 8, 12, 4, 13, 1, 4, 6, 12, 5, 2, 11, 3, 2, 0, 13, 1, 3, 8, 8, 2, 9, 8, 5, 5, 9, 7, 6, 11, 1, 12, 15, 3, 13, 10, 2, 14, 13, 12, 12, 10, 2, 1, 2, 5, 14, 9, 3, 0, 7, 15, 6, 10, 1, 6, 7, 3, 15, 13, 4, 9, 8, 4, 4, 1, 14, 0, 5, 4, 0, 7, 5, 4, 14, 4, 5, 4, 13, 11, 5, 11, 8, 13, 5, 15, 3, 11, 0, 13, 12, 3, 5, 1, 4, 2, 3, 12, 1, 3, 6, 8, 3, 4, 15, 5, 11, 6, 5, 
>> seq 22
4, 1, 7, 2, 4, 0, 9, 11, 14, 4, 9, 0, 15, 2, 4, 4, 0, 9, 0, 11, 0, 8, 12, 4, 13, 1, 4, 6, 0, 5, 2, 11, 3, 2, 0, 13, 1, 3, 8, 8, 2, 9, 8, 5, 5, 9, 7, 6, 11, 1, 12, 15, 3, 6, 10, 2, 14, 13, 12, 12, 10, 2, 1, 2, 5, 14, 9, 3, 0, 7, 15, 6, 10, 1, 6, 7, 3, 15, 13, 4, 9, 8, 4, 4, 1, 14, 0, 5, 4, 0, 7, 5, 4, 14, 4, 5, 4, 13, 11, 5, 11, 8, 13, 5, 15, 3, 11, 0, 13, 12, 3, 5, 1, 4, 2, 3, 12, 1, 3, 6, 8, 3, 4, 15, 5, 11, 6, 5, 
>> seq 23
4, 1, 7, 2, 4, 0, 9, 11, 14, 4, 9, 0, 15, 2, 4, 4, 0, 9, 0, 11, 0, 8, 12, 4, 13, 1, 4, 6, 12, 5, 2, 11, 3, 2, 0, 13, 1, 3, 8, 8, 2, 9, 8, 5, 5, 9, 7, 6, 11, 1, 12, 15, 3, 13, 10, 2, 14, 13, 12, 12, 11, 2, 1, 2, 5, 14, 9, 3, 0, 12, 15, 6, 10, 1, 6, 7, 3, 15, 13, 4, 9, 8, 4, 4, 1, 14, 0, 5, 4, 0, 7, 5, 4, 14, 4, 5, 4, 13, 11, 5, 12, 8, 13, 4, 15, 3, 11, 0, 13, 12, 3, 5, 1, 4, 2, 3, 12, 1, 3, 6, 8, 3, 4, 15, 5, 11, 6, 5, 
>> seq 24
4, 1, 7, 2, 4, 0, 9, 11, 14, 4, 9, 0, 15, 2, 4, 4, 0, 9, 0, 11, 0, 8, 12, 7, 13, 1, 4, 6, 12, 5, 2, 11, 3, 2, 0, 13, 1, 3, 8, 8, 2, 9, 8, 5, 5, 9, 7, 6, 11, 1, 12, 15, 3, 13, 10, 2, 14, 13, 12, 12, 10, 2, 1, 2, 5, 14, 9, 3, 0, 12, 15, 6, 10, 1, 6, 7, 3, 15, 13, 4, 9, 8, 4, 4, 1, 14, 0, 5, 4, 0, 7, 5, 4, 14, 4, 5, 4, 13, 11, 5, 12, 8, 13, 4, 15, 3, 11, 0, 13, 12, 3, 5, 1, 4, 2, 3, 12, 1, 3, 6, 8, 3, 4, 15, 5, 11, 6, 5, 
>> seq 25
4, 1, 7, 2, 4, 0, 9, 11, 14, 4, 9, 0, 15, 2, 4, 4, 0, 9, 0, 11, 0, 8, 12, 7, 13, 1, 4, 6, 0, 5, 2, 11, 3, 2, 0, 13, 1, 3, 8, 8, 2, 9, 8, 5, 5, 9, 7, 6, 11, 1, 12, 15, 3, 7, 10, 2, 14, 13, 12, 12, 11, 2, 1, 2, 5, 14, 9, 3, 0, 7, 15, 6, 10, 1, 6, 7, 3, 15, 13, 4, 9, 8, 4, 4, 1, 14, 0, 5, 4, 0, 7, 5, 4, 14, 4, 5, 4, 13, 11, 5, 12, 8, 13, 5, 15, 3, 11, 0, 13, 12, 3, 5, 1, 4, 2, 3, 12, 1, 3, 6, 8, 3, 4, 15, 5, 11, 6, 5, 
>> seq 26
4, 1, 7, 2, 4, 0, 9, 11, 14, 4, 9, 0, 15, 2, 4, 4, 0, 9, 0, 11, 0, 8, 12, 7, 13, 1, 4, 6, 0, 5, 2, 11, 3, 2, 0, 13, 1, 3, 8, 8, 2, 9, 8, 5, 5, 9, 7, 6, 11, 1, 12, 15, 3, 7, 10, 2, 14, 13, 12, 12, 11, 2, 1, 2, 5, 14, 9, 3, 0, 7, 15, 6, 10, 1, 6, 7, 3, 15, 13, 4, 9, 8, 4, 4, 1, 14, 0, 5, 4, 0, 7, 5, 4, 14, 4, 5, 4, 13, 11, 5, 12, 8, 13, 5, 15, 3, 11, 0, 13, 12, 3, 5, 1, 4, 2, 3, 12, 1, 3, 6, 8, 3, 4, 15, 5, 11, 6, 5, 
>> seq 27
4, 1, 7, 2, 4, 0, 9, 11, 14, 4, 9, 0, 15, 2, 4, 4, 0, 9, 0, 11, 0, 8, 12, 4, 13, 1, 4, 6, 0, 5, 2, 11, 3, 2, 0, 13, 1, 3, 8, 8, 2, 9, 8, 5, 5, 9, 7, 6, 11, 1, 12, 15, 3, 7, 10, 2, 14, 13, 12, 12, 11, 2, 1, 2, 5, 14, 9, 3, 0, 12, 15, 6, 10, 1, 6, 7, 3, 15, 13, 4, 9, 8, 4, 4, 1, 14, 0, 5, 4, 0, 7, 5, 4, 14, 4, 5, 4, 13, 11, 5, 12, 8, 13, 4, 15, 3, 11, 0, 13, 12, 3, 5, 1, 4, 2, 3, 12, 1, 3, 6, 8, 3, 4, 15, 5, 11, 6, 5, 
>> seq 28
4, 1, 7, 2, 4, 0, 9, 11, 14, 4, 9, 0, 15, 2, 4, 4, 0, 9, 0, 11, 0, 8, 12, 4, 13, 1, 4, 6, 0, 5, 2, 11, 3, 2, 0, 13, 1, 0, 8, 8, 2, 9, 8, 5, 5, 9, 7, 6, 11, 1, 12, 15, 3, 7, 10, 2, 14, 13, 12, 12, 11, 2, 1, 2, 5, 14, 9, 3, 0, 12, 15, 6, 10, 1, 6, 7, 3, 15, 13, 4, 9, 8, 4, 4, 1, 14, 0, 5, 4, 0, 7, 5, 4, 14, 1, 5, 4, 13, 11, 5, 12, 8, 13, 4, 13, 3, 11, 0, 13, 12, 2, 5, 1, 4, 2, 3, 1, 1, 3, 6, 8, 3, 4, 15, 5, 11, 6, 5, 
>> seq 29
4, 1, 13, 2, 4, 0, 9, 11, 14, 4, 9, 0, 15, 2, 4, 4, 0, 9, 0, 11, 0, 8, 12, 4, 13, 1, 4, 6, 0, 5, 2, 11, 3, 2, 0, 13, 1, 0, 8, 8, 2, 9, 8, 5, 5, 9, 7, 6, 11, 1, 12, 15, 3, 7, 10, 2, 14, 13, 12, 12, 11, 2, 1, 2, 5, 14, 9, 3, 0, 12, 15, 6, 10, 1, 6, 7, 3, 15, 13, 4, 9, 8, 4, 4, 1, 14, 0, 5, 4, 0, 7, 5, 4, 14, 1, 5, 4, 13, 11, 5, 12, 8, 13, 4, 15, 0, 11, 0, 13, 12, 3, 5, 1, 4, 2, 3, 12, 1, 3, 6, 8, 3, 4, 15, 5, 11, 6, 5, 
>> seq 30
4, 1, 13, 2, 4, 0, 9, 11, 14, 4, 9, 0, 15, 2, 4, 4, 0, 9, 0, 11, 0, 8, 12, 4, 13, 1, 4, 6, 0, 5, 2, 11, 3, 2, 0, 13, 1, 0, 8, 8, 2, 9, 8, 5, 5, 9, 7, 6, 11, 1, 12, 15, 3, 7, 10, 2, 14, 13, 12, 12, 11, 2, 1, 2, 5, 14, 9, 3, 0, 12, 15, 6, 10, 1, 6, 7, 3, 15, 13, 4, 9, 8, 4, 4, 1, 14, 0, 5, 4, 0, 7, 5, 4, 14, 1, 5, 4, 13, 11, 5, 12, 8, 13, 4, 13, 0, 11, 0, 13, 12, 3, 5, 1, 4, 2, 3, 12, 1, 3, 6, 8, 3, 4, 15, 5, 11, 6, 5, 
>> seq 31
4, 1, 13, 2, 4, 0, 9, 11, 14, 4, 9, 0, 15, 2, 4, 4, 0, 9, 0, 11, 0, 8, 12, 4, 13, 1, 4, 6, 0, 5, 2, 11, 3, 2, 0, 13, 1, 0, 8, 8, 2, 9, 8, 5, 5, 9, 7, 6, 11, 1, 12, 15, 3, 7, 10, 2, 14, 13, 12, 12, 11, 2, 1, 2, 5, 14, 9, 3, 0, 12, 15, 6, 10, 1, 6, 7, 3, 15, 13, 4, 9, 8, 4, 4, 1, 14, 0, 5, 4, 0, 7, 5, 4, 14, 1, 5, 4, 13, 11, 5, 12, 8, 13, 4, 13, 3, 11, 0, 13, 12, 3, 5, 1, 4, 2, 3, 12, 1, 3, 6, 8, 3, 4, 15, 5, 11, 6, 5, 
>> seq 32
4, 1, 13, 2, 4, 0, 9, 11, 14, 4, 9, 0, 15, 2, 4, 4, 0, 9, 0, 11, 0, 8, 12, 4, 13, 1, 4, 6, 0, 5, 2, 11, 3, 2, 0, 13, 1, 0, 8, 8, 2, 9, 8, 5, 5, 9, 7, 6, 11, 1, 12, 15, 3, 7, 10, 2, 14, 13, 12, 12, 10, 2, 1, 2, 5, 14, 9, 3, 0, 12, 15, 6, 10, 1, 6, 7, 3, 15, 13, 4, 9, 8, 4, 4, 1, 14, 0, 5, 4, 0, 7, 5, 4, 14, 1, 5, 4, 13, 11, 5, 12, 8, 13, 4, 13, 3, 11, 0, 13, 12, 2, 5, 1, 4, 2, 3, 1, 1, 3, 6, 8, 3, 4, 15, 5, 11, 6, 5, 
>> seq 33
4, 1, 13, 2, 4, 0, 9, 11, 14, 4, 9, 0, 15, 2, 4, 4, 0, 9, 0, 11, 0, 8, 12, 4, 13, 1, 4, 6, 0, 5, 2, 11, 3, 2, 0, 13, 1, 0, 8, 8, 2, 9, 8, 5, 5, 9, 7, 6, 11, 1, 12, 15, 3, 7, 10, 2, 14, 13, 12, 12, 10, 2, 1, 2, 5, 14, 9, 3, 0, 12, 15, 6, 10, 1, 6, 7, 3, 15, 13, 4, 9, 8, 4, 4, 1, 14, 0, 5, 4, 0, 7, 5, 4, 14, 1, 5, 4, 13, 11, 5, 12, 8, 13, 4, 13, 3, 11, 0, 13, 12, 3, 5, 1, 4, 2, 3, 12, 1, 3, 6, 8, 3, 4, 15, 5, 11, 6, 5, 
>> seq 34
4, 1, 13, 2, 4, 0, 9, 11, 14, 4, 9, 0, 15, 2, 4, 4, 0, 9, 0, 11, 0, 8, 12, 4, 13, 1, 4, 6, 0, 5, 2, 11, 3, 2, 0, 13, 1, 0, 8, 8, 2, 9, 8, 5, 5, 9, 7, 6, 11, 1, 12, 15, 3, 7, 10, 2, 14, 13, 12, 12, 10, 2, 1, 2, 5, 14, 9, 3, 0, 12, 15, 6, 10, 1, 6, 7, 3, 14, 13, 4, 9, 8, 4, 4, 1, 14, 0, 5, 4, 0, 7, 5, 4, 14, 1, 5, 4, 13, 11, 5, 12, 8, 13, 4, 13, 0, 11, 0, 13, 12, 2, 5, 1, 4, 2, 3, 1, 1, 3, 6, 8, 3, 4, 15, 5, 11, 6, 5, 
>> seq 35
4, 1, 13, 2, 4, 0, 9, 11, 14, 4, 9, 0, 15, 2, 4, 4, 0, 9, 0, 11, 0, 8, 12, 4, 13, 1, 4, 6, 0, 5, 2, 11, 3, 2, 0, 13, 1, 0, 8, 8, 2, 9, 8, 5, 5, 9, 7, 6, 11, 1, 12, 15, 3, 7, 10, 2, 14, 5, 12, 12, 11, 2, 1, 2, 5, 14, 9, 3, 0, 12, 15, 6, 10, 1, 6, 7, 3, 14, 13, 4, 9, 8, 4, 4, 1, 14, 0, 5, 4, 0, 5, 5, 4, 14, 1, 5, 4, 13, 11, 5, 12, 8, 13, 4, 13, 0, 11, 0, 13, 12, 2, 5, 1, 4, 2, 3, 1, 1, 3, 6, 8, 3, 4, 15, 5, 11, 6, 5, 
>> seq 36
4, 1, 7, 2, 4, 0, 9, 11, 14, 4, 9, 0, 15, 2, 4, 4, 0, 9, 0, 11, 0, 8, 12, 4, 13, 1, 4, 6, 0, 5, 2, 11, 3, 2, 0, 13, 1, 0, 8, 8, 2, 9, 8, 5, 5, 9, 7, 6, 11, 1, 12, 15, 3, 6, 10, 2, 14, 6, 12, 12, 10, 2, 1, 2, 5, 14, 9, 3, 0, 12, 15, 6, 10, 1, 6, 7, 3, 14, 13, 4, 9, 8, 4, 4, 1, 14, 0, 5, 4, 0, 5, 5, 4, 14, 1, 5, 4, 13, 11, 5, 11, 8, 13, 4, 14, 0, 11, 0, 13, 12, 2, 5, 1, 4, 2, 3, 1, 1, 3, 6, 8, 3, 4, 15, 5, 11, 6, 5, 
>> seq 37
4, 1, 7, 2, 4, 0, 9, 11, 14, 4, 10, 0, 15, 2, 4, 4, 0, 9, 0, 11, 0, 8, 12, 4, 13, 1, 4, 6, 0, 5, 2, 11, 3, 2, 0, 13, 1, 0, 8, 8, 2, 9, 8, 5, 5, 9, 7, 6, 11, 1, 12, 15, 3, 6, 10, 2, 14, 13, 12, 12, 10, 2, 1, 2, 5, 14, 9, 3, 0, 12, 15, 6, 10, 1, 6, 7, 3, 14, 13, 4, 9, 8, 4, 4, 1, 14, 0, 5, 4, 0, 7, 5, 4, 14, 1, 5, 4, 13, 11, 5, 11, 8, 13, 4, 14, 0, 11, 0, 13, 12, 2, 5, 1, 4, 2, 3, 1, 1, 3, 6, 8, 3, 4, 15, 5, 11, 6, 5, 
>> seq 38
4, 1, 7, 2, 4, 0, 9, 11, 14, 4, 10, 0, 15, 2, 4, 4, 0, 9, 0, 11, 0, 8, 12, 4, 13, 1, 4, 6, 0, 5, 2, 11, 3, 2, 0, 13, 1, 0, 8, 8, 2, 9, 8, 5, 5, 9, 7, 6, 11, 1, 12, 15, 3, 6, 10, 2, 14, 13, 12, 12, 10, 2, 1, 2, 5, 14, 9, 3, 0, 7, 15, 6, 10, 1, 6, 7, 3, 14, 13, 4, 9, 8, 4, 4, 1, 14, 0, 5, 4, 0, 7, 5, 4, 14, 1, 5, 4, 13, 11, 5, 11, 8, 13, 5, 14, 0, 11, 0, 13, 12, 2, 5, 1, 4, 2, 3, 1, 1, 3, 6, 8, 3, 4, 15, 5, 11, 6, 5, 
>> seq 39
4, 1, 13, 2, 4, 0, 9, 11, 14, 4, 10, 0, 15, 2, 4, 4, 0, 9, 0, 11, 0, 8, 12, 4, 13, 1, 4, 6, 0, 5, 2, 11, 3, 2, 0, 13, 1, 0, 8, 8, 2, 9, 8, 5, 5, 9, 7, 6, 11, 1, 12, 15, 3, 6, 10, 2, 14, 13, 12, 12, 10, 2, 1, 2, 5, 14, 9, 3, 0, 12, 15, 6, 10, 1, 6, 7, 3, 15, 13, 4, 9, 8, 4, 4, 1, 14, 0, 5, 4, 0, 7, 5, 4, 14, 1, 5, 4, 13, 11, 5, 11, 8, 13, 4, 14, 3, 11, 0, 13, 12, 2, 5, 1, 4, 2, 3, 1, 1, 3, 6, 8, 3, 4, 15, 5, 11, 6, 5, 
>> seq 40
4, 1, 7, 2, 4, 0, 9, 11, 14, 4, 10, 0, 15, 2, 4, 4, 0, 9, 0, 11, 0, 8, 12, 4, 13, 1, 4, 6, 0, 5, 2, 11, 3, 2, 0, 13, 1, 3, 8, 8, 2, 9, 8, 5, 5, 9, 7, 6, 11, 1, 12, 15, 3, 6, 10, 2, 14, 13, 12, 12, 10, 2, 1, 2, 5, 14, 9, 3, 0, 12, 15, 6, 10, 1, 6, 7, 3, 15, 13, 4, 9, 8, 4, 4, 1, 14, 0, 5, 4, 0, 7, 5, 4, 14, 4, 5, 4, 13, 11, 5, 11, 8, 13, 4, 15, 3, 11, 0, 13, 12, 3, 5, 1, 4, 2, 3, 12, 1, 3, 6, 8, 3, 4, 15, 5, 11, 6, 5, 
>> seq 41
4, 1, 7, 2, 4, 0, 9, 11, 14, 4, 10, 0, 15, 2, 4, 4, 0, 9, 0, 11, 0, 8, 12, 4, 13, 1, 4, 6, 0, 5, 2, 11, 3, 2, 0, 13, 1, 3, 8, 8, 2, 9, 8, 5, 5, 9, 7, 6, 11, 1, 12, 15, 3, 6, 10, 2, 14, 13, 12, 12, 10, 2, 1, 2, 5, 14, 9, 3, 0, 12, 15, 6, 10, 1, 6, 7, 3, 15, 13, 4, 9, 8, 4, 4, 1, 14, 0, 5, 4, 0, 7, 5, 4, 14, 4, 5, 4, 13, 11, 5, 11, 8, 13, 4, 14, 3, 11, 0, 13, 12, 3, 5, 1, 4, 2, 3, 12, 1, 3, 6, 8, 3, 4, 15, 5, 11, 6, 5, 
>> seq 42
4, 1, 7, 2, 4, 0, 9, 11, 14, 4, 10, 0, 15, 2, 4, 4, 0, 9, 0, 11, 0, 8, 12, 4, 13, 1, 4, 6, 0, 5, 2, 11, 3, 2, 0, 13, 1, 3, 8, 8, 2, 9, 8, 5, 5, 9, 7, 6, 11, 1, 12, 15, 3, 6, 10, 2, 14, 13, 12, 12, 10, 2, 1, 2, 5, 14, 9, 3, 0, 12, 15, 6, 10, 1, 6, 7, 3, 15, 13, 4, 9, 8, 4, 4, 1, 14, 0, 5, 4, 0, 7, 5, 4, 14, 4, 5, 4, 13, 11, 5, 11, 8, 13, 4, 15, 3, 11, 0, 13, 12, 3, 5, 1, 4, 2, 3, 12, 1, 3, 6, 8, 3, 4, 15, 5, 11, 6, 5, 
>> seq 43
4, 1, 7, 2, 4, 0, 9, 11, 14, 4, 10, 0, 15, 2, 4, 4, 0, 9, 0, 11, 0, 8, 12, 7, 13, 1, 4, 6, 0, 5, 2, 11, 3, 2, 0, 13, 1, 3, 8, 8, 2, 9, 8, 5, 5, 9, 7, 6, 11, 1, 12, 15, 3, 6, 10, 2, 14, 13, 12, 12, 10, 2, 1, 2, 5, 14, 9, 3, 0, 12, 15, 6, 10, 1, 6, 7, 3, 15, 13, 4, 9, 8, 4, 4, 1, 14, 0, 5, 4, 0, 7, 5, 4, 14, 4, 5, 4, 13, 11, 5, 11, 8, 13, 4, 15, 3, 11, 0, 13, 12, 3, 5, 1, 4, 2, 3, 12, 1, 3, 6, 8, 3, 4, 15, 5, 11, 6, 5, 
>> seq 44
4, 1, 7, 2, 4, 0, 9, 11, 14, 4, 10, 0, 15, 2, 4, 4, 0, 9, 0, 11, 0, 8, 12, 7, 13, 1, 4, 6, 0, 5, 2, 11, 3, 2, 0, 13, 1, 3, 8, 8, 2, 9, 8, 5, 5, 9, 7, 6, 11, 1, 12, 15, 3, 6, 10, 2, 14, 13, 12, 12, 10, 2, 1, 2, 5, 14, 9, 3, 0, 12, 15, 6, 10, 1, 6, 7, 3, 15, 13, 4, 9, 8, 4, 4, 1, 14, 0, 5, 4, 0, 7, 5, 4, 14, 4, 5, 4, 13, 11, 5, 11, 8, 13, 4, 15, 3, 11, 0, 13, 12, 3, 5, 1, 4, 2, 3, 12, 1, 3, 6, 8, 3, 4, 15, 5, 11, 6, 5, 
>> seq 45
4, 1, 7, 2, 4, 0, 9, 11, 14, 4, 10, 0, 15, 2, 4, 4, 0, 9, 0, 11, 1, 8, 12, 7, 13, 1, 4, 6, 0, 5, 2, 11, 3, 2, 0, 13, 1, 3, 8, 8, 2, 9, 8, 5, 5, 9, 7, 6, 11, 1, 12, 15, 3, 6, 10, 2, 14, 13, 12, 12, 10, 2, 1, 2, 5, 14, 9, 3, 0, 7, 15, 6, 10, 1, 6, 7, 3, 15, 13, 4, 9, 8, 4, 4, 1, 14, 0, 5, 4, 0, 7, 5, 4, 14, 4, 5, 4, 13, 11, 5, 11, 8, 13, 5, 15, 3, 11, 0, 13, 12, 3, 5, 1, 4, 2, 3, 12, 1, 3, 6, 8, 3, 4, 15, 5, 11, 6, 5, 
>> seq 46
4, 1, 7, 2, 4, 0, 9, 11, 14, 4, 10, 0, 15, 2, 4, 4, 0, 9, 0, 11, 1, 8, 12, 7, 13, 1, 4, 6, 0, 5, 2, 11, 3, 2, 0, 13, 1, 3, 8, 8, 2, 9, 8, 5, 5, 9, 7, 6, 11, 1, 12, 15, 3, 6, 10, 2, 14, 13, 12, 12, 10, 2, 1, 2, 5, 14, 9, 3, 0, 7, 15, 6, 10, 1, 6, 7, 3, 15, 13, 4, 9, 8, 4, 4, 1, 14, 0, 5, 4, 0, 7, 5, 4, 14, 4, 5, 4, 13, 11, 5, 11, 8, 13, 5, 15, 3, 11, 0, 13, 12, 3, 5, 1, 4, 2, 3, 12, 1, 3, 6, 8, 3, 4, 15, 5, 11, 6, 5, 
>> seq 47
4, 1, 7, 2, 4, 0, 9, 11, 14, 4, 10, 0, 15, 2, 4, 4, 0, 9, 0, 11, 0, 8, 12, 7, 13, 1, 4, 6, 0, 5, 2, 11, 3, 2, 0, 13, 1, 3, 8, 8, 2, 9, 8, 5, 5, 9, 7, 6, 11, 1, 12, 15, 3, 6, 10, 2, 14, 13, 12, 12, 10, 2, 1, 2, 5, 14, 9, 3, 0, 7, 15, 6, 10, 1, 6, 7, 3, 15, 13, 4, 9, 8, 4, 4, 1, 14, 0, 5, 4, 0, 7, 5, 4, 14, 4, 5, 4, 13, 11, 5, 11, 8, 13, 5, 15, 3, 11, 0, 13, 12, 3, 5, 1, 4, 2, 3, 12, 1, 3, 6, 8, 3, 4, 15, 5, 11, 6, 5, 
>> seq 48
4, 1, 7, 2, 4, 0, 9, 11, 14, 4, 10, 0, 15, 2, 4, 4, 0, 9, 0, 11, 0, 8, 12, 7, 13, 1, 4, 6, 0, 5, 2, 11, 3, 2, 0, 13, 1, 3, 8, 8, 2, 9, 8, 5, 5, 9, 7, 6, 11, 1, 12, 15, 3, 6, 10, 2, 14, 13, 12, 12, 10, 2, 1, 2, 5, 14, 9, 3, 0, 7, 15, 6, 10, 1, 6, 7, 3, 15, 13, 4, 9, 8, 4, 4, 1, 14, 0, 5, 4, 0, 7, 5, 4, 14, 4, 5, 4, 13, 11, 5, 11, 8, 13, 5, 15, 3, 11, 0, 13, 12, 3, 5, 1, 4, 2, 3, 12, 1, 3, 6, 8, 3, 4, 15, 5, 11, 6, 5, 
>> seq 49
4, 1, 7, 2, 4, 0, 9, 11, 14, 4, 10, 0, 15, 2, 4, 4, 0, 9, 0, 11, 0, 8, 12, 7, 13, 1, 4, 6, 0, 5, 2, 11, 3, 2, 0, 13, 1, 3, 8, 8, 2, 9, 8, 5, 5, 9, 7, 6, 11, 1, 12, 15, 3, 6, 10, 2, 14, 13, 12, 12, 10, 2, 1, 2, 5, 14, 9, 3, 0, 7, 15, 6, 10, 1, 6, 7, 3, 15, 13, 4, 9, 8, 4, 4, 1, 14, 0, 5, 4, 0, 7, 5, 4, 14, 4, 5, 4, 13, 11, 5, 11, 8, 13, 5, 15, 3, 11, 0, 13, 12, 3, 5, 1, 4, 2, 3, 12, 1, 3, 6, 8, 3, 4, 15, 5, 11, 6, 5, 
>> seq 50
4, 1, 7, 2, 4, 0, 9, 11, 14, 4, 10, 0, 15, 2, 4, 4, 0, 9, 0, 11, 1, 8, 12, 7, 13, 1, 4, 6, 0, 5, 2, 11, 3, 2, 0, 13, 1, 3, 8, 8, 2, 9, 8, 5, 5, 9, 7, 6, 11, 1, 12, 15, 3, 6, 10, 2, 14, 13, 12, 12, 10, 2, 1, 2, 5, 14, 9, 3, 0, 12, 15, 6, 10, 1, 6, 7, 3, 15, 13, 4, 9, 8, 4, 4, 1, 14, 0, 5, 4, 0, 7, 5, 4, 14, 4, 5, 4, 13, 11, 5, 11, 8, 13, 4, 15, 3, 11, 0, 13, 12, 3, 5, 1, 4, 2, 3, 12, 1, 3, 6, 8, 3, 4, 15, 5, 11, 6, 5, 
>> seq 51
4, 1, 13, 2, 4, 0, 9, 11, 14, 4, 10, 0, 15, 2, 4, 4, 0, 9, 0, 11, 1, 8, 12, 7, 13, 1, 4, 6, 0, 5, 2, 11, 3, 2, 0, 13, 1, 3, 8, 8, 2, 9, 8, 5, 5, 9, 7, 6, 11, 1, 12, 15, 3, 6, 10, 2, 14, 13, 12, 12, 10, 2, 1, 2, 5, 14, 9, 3, 0, 12, 15, 6, 10, 1, 6, 7, 3, 15, 13, 4, 9, 8, 4, 4, 1, 14, 0, 5, 4, 0, 7, 5, 4, 14, 4, 5, 4, 13, 11, 5, 11, 8, 13, 4, 15, 3, 11, 0, 13, 12, 3, 5, 1, 4, 2, 3, 12, 1, 3, 6, 8, 3, 4, 15, 5, 11, 6, 5, 
>> seq 52
4, 1, 13, 2, 4, 0, 9, 11, 14, 4, 10, 0, 15, 2, 4, 4, 0, 9, 0, 11, 1, 8, 12, 7, 13, 1, 4, 6, 0, 5, 2, 11, 3, 2, 0, 13, 1, 3, 8, 8, 2, 9, 8, 5, 5, 9, 7, 6, 11, 1, 12, 15, 3, 6, 10, 2, 14, 13, 12, 12, 10, 2, 1, 2, 5, 14, 9, 3, 0, 12, 15, 6, 10, 1, 6, 7, 3, 15, 13, 4, 9, 8, 4, 4, 1, 14, 0, 5, 4, 0, 7, 5, 4, 14, 4, 5, 4, 13, 11, 5, 11, 8, 13, 4, 15, 3, 11, 0, 13, 12, 3, 5, 1, 4, 2, 3, 12, 1, 3, 6, 8, 3, 4, 15, 5, 11, 6, 5, 
>> seq 53
4, 1, 13, 2, 4, 0, 9, 11, 14, 4, 10, 0, 15, 2, 4, 4, 0, 9, 0, 11, 0, 8, 12, 7, 13, 1, 4, 6, 0, 5, 2, 11, 3, 2, 0, 13, 1, 3, 8, 8, 2, 9, 8, 5, 5, 9, 7, 6, 11, 1, 12, 15, 3, 6, 10, 2, 14, 13, 12, 12, 10, 2, 1, 2, 5, 14, 9, 3, 0, 12, 15, 6, 10, 1, 6, 7, 3, 15, 13, 4, 9, 8, 4, 4, 1, 14, 0, 5, 4, 0, 7, 5, 4, 14, 4, 5, 4, 13, 11, 5, 11, 8, 13, 4, 14, 3, 11, 0, 13, 12, 3, 5, 1, 4, 2, 3, 12, 1, 3, 6, 8, 3, 4, 15, 5, 11, 6, 5, 
>> seq 54
4, 1, 13, 2, 4, 0, 9, 11, 14, 4, 10, 0, 15, 2, 4, 4, 0, 9, 0, 11, 0, 8, 12, 7, 13, 1, 4, 6, 0, 5, 2, 11, 3, 2, 0, 13, 1, 3, 8, 8, 2, 9, 8, 5, 5, 9, 7, 6, 11, 1, 12, 15, 3, 6, 10, 2, 14, 13, 12, 12, 10, 2, 1, 2, 5, 14, 9, 3, 0, 12, 15, 6, 10, 1, 6, 7, 3, 15, 13, 4, 9, 8, 4, 4, 1, 14, 0, 5, 4, 0, 7, 5, 4, 14, 4, 5, 4, 13, 11, 5, 11, 8, 13, 4, 14, 3, 11, 0, 13, 12, 3, 5, 1, 4, 2, 3, 12, 1, 3, 6, 8, 3, 4, 15, 5, 11, 6, 5, 
>> seq 55
4, 1, 13, 2, 4, 0, 9, 11, 14, 4, 10, 0, 15, 2, 4, 4, 0, 9, 0, 11, 0, 8, 12, 7, 13, 1, 4, 6, 0, 5, 2, 11, 3, 2, 0, 13, 1, 3, 8, 8, 2, 9, 8, 5, 5, 9, 7, 6, 11, 1, 12, 15, 3, 6, 10, 2, 14, 13, 12, 12, 10, 2, 1, 2, 5, 14, 9, 3, 0, 12, 15, 6, 10, 1, 6, 7, 3, 15, 13, 4, 9, 8, 4, 4, 1, 14, 0, 5, 4, 0, 7, 5, 4, 14, 4, 5, 4, 13, 11, 5, 11, 8, 13, 4, 14, 3, 11, 0, 13, 12, 3, 5, 1, 4, 2, 3, 12, 1, 3, 6, 8, 3, 4, 15, 5, 11, 6, 5, 
>> seq 56
4, 1, 7, 2, 4, 0, 9, 11, 14, 4, 10, 0, 15, 2, 4, 4, 0, 9, 0, 11, 1, 8, 12, 7, 13, 1, 4, 6, 0, 5, 2, 11, 3, 2, 0, 13, 1, 3, 8, 8, 2, 9, 8, 5, 5, 9, 7, 6, 11, 1, 12, 15, 3, 6, 10, 2, 14, 13, 12, 12, 10, 2, 1, 2, 5, 14, 9, 3, 0, 12, 15, 6, 10, 1, 6, 7, 3, 15, 13, 4, 9, 8, 4, 4, 1, 14, 0, 5, 4, 0, 7, 5, 4, 14, 4, 5, 4, 13, 11, 5, 11, 8, 13, 4, 14, 3, 11, 0, 13, 12, 3, 5, 1, 4, 2, 3, 12, 1, 3, 6, 8, 3, 4, 15, 5, 11, 6, 5, 
>> seq 57
4, 1, 13, 2, 4, 0, 9, 11, 14, 4, 10, 0, 15, 2, 4, 4, 0, 9, 0, 11, 1, 8, 12, 7, 13, 1, 4, 6, 0, 5, 2, 11, 3, 2, 0, 13, 1, 3, 8, 8, 2, 9, 8, 5, 5, 9, 7, 6, 11, 1, 12, 15, 3, 6, 10, 2, 14, 13, 12, 12, 10, 2, 1, 2, 5, 14, 9, 3, 0, 12, 15, 6, 10, 1, 6, 7, 3, 15, 13, 4, 9, 8, 4, 4, 1, 14, 0, 5, 4, 0, 7, 5, 4, 14, 4, 5, 4, 13, 11, 5, 11, 8, 13, 4, 15, 3, 11, 0, 13, 12, 3, 5, 1, 4, 2, 3, 12, 1, 3, 6, 8, 12, 4, 15, 5, 11, 6, 5, 
>> seq 58
4, 1, 13, 2, 4, 0, 9, 11, 14, 4, 10, 0, 15, 2, 4, 4, 0, 9, 0, 11, 1, 8, 12, 7, 13, 1, 4, 6, 0, 5, 2, 11, 3, 2, 0, 13, 1, 3, 8, 8, 2, 9, 8, 5, 5, 9, 7, 6, 11, 1, 12, 15, 3, 6, 10, 2, 14, 13, 12, 12, 10, 2, 1, 2, 5, 14, 9, 3, 0, 12, 15, 6, 10, 1, 6, 7, 3, 15, 13, 4, 9, 8, 4, 4, 1, 14, 0, 5, 4, 0, 7, 5, 4, 14, 4, 5, 4, 13, 11, 5, 11, 8, 13, 4, 14, 3, 11, 0, 13, 12, 3, 5, 1, 4, 2, 3, 12, 1, 3, 6, 8, 3, 4, 15, 5, 11, 6, 5, 
>> seq 59
4, 1, 7, 2, 4, 0, 9, 11, 14, 4, 10, 0, 15, 2, 4, 4, 0, 9, 0, 11, 1, 8, 12, 5, 13, 1, 4, 6, 0, 5, 2, 11, 3, 2, 0, 13, 1, 3, 8, 8, 2, 9, 8, 5, 5, 9, 7, 6, 11, 1, 12, 15, 3, 6, 10, 2, 14, 13, 12, 12, 10, 2, 1, 2, 5, 14, 9, 3, 0, 12, 15, 6, 10, 1, 6, 7, 3, 15, 13, 4, 9, 8, 4, 4, 1, 14, 0, 5, 4, 0, 7, 5, 4, 14, 4, 5, 4, 13, 11, 5, 11, 8, 13, 4, 14, 3, 11, 0, 13, 12, 2, 5, 1, 4, 2, 3, 1, 1, 3, 6, 8, 13, 4, 15, 5, 11, 6, 5, 
>> seq 60
4, 1, 7, 2, 4, 0, 9, 11, 14, 4, 10, 0, 15, 2, 4, 4, 0, 9, 0, 11, 1, 8, 12, 5, 13, 1, 4, 6, 0, 5, 2, 11, 3, 2, 0, 13, 1, 3, 8, 8, 2, 9, 8, 5, 5, 9, 7, 6, 11, 1, 12, 15, 3, 6, 10, 2, 14, 13, 12, 12, 10, 2, 1, 2, 5, 14, 9, 3, 0, 7, 15, 6, 10, 1, 6, 7, 3, 14, 13, 4, 9, 8, 4, 4, 1, 14, 0, 5, 4, 0, 7, 5, 4, 14, 4, 5, 4, 13, 11, 5, 11, 8, 13, 5, 14, 3, 11, 0, 13, 12, 2, 5, 1, 4, 2, 3, 1, 1, 3, 6, 8, 13, 4, 15, 5, 11, 6, 5, 
>> seq 61
4, 1, 7, 2, 4, 0, 9, 11, 14, 4, 10, 0, 15, 2, 4, 4, 0, 9, 0, 11, 1, 8, 12, 5, 13, 1, 4, 6, 0, 5, 2, 11, 12, 2, 0, 13, 5, 3, 8, 8, 2, 9, 8, 5, 5, 9, 7, 6, 11, 1, 12, 15, 3, 6, 10, 2, 14, 6, 12, 14, 10, 2, 1, 2, 5, 14, 9, 3, 0, 7, 15, 6, 10, 1, 6, 7, 3, 14, 13, 4, 9, 8, 4, 4, 1, 14, 0, 5, 4, 0, 5, 5, 4, 14, 4, 5, 4, 13, 11, 5, 11, 8, 13, 5, 14, 3, 11, 0, 13, 12, 2, 5, 1, 4, 2, 3, 1, 1, 3, 6, 8, 13, 4, 15, 5, 11, 6, 5, 
>> seq 62
4, 1, 7, 2, 4, 0, 9, 11, 14, 4, 10, 0, 15, 2, 4, 4, 0, 9, 0, 11, 1, 8, 12, 5, 13, 1, 5, 6, 0, 5, 2, 11, 12, 2, 0, 13, 5, 3, 8, 8, 2, 9, 8, 5, 5, 9, 7, 6, 11, 1, 12, 15, 3, 6, 10, 2, 14, 6, 12, 14, 10, 2, 1, 2, 5, 14, 9, 3, 0, 7, 15, 6, 10, 1, 6, 7, 3, 14, 13, 4, 9, 8, 4, 4, 1, 14, 0, 5, 4, 0, 5, 5, 4, 14, 4, 5, 4, 13, 11, 5, 11, 8, 13, 5, 14, 3, 11, 0, 13, 12, 2, 5, 1, 4, 2, 3, 1, 1, 3, 6, 8, 13, 4, 15, 5, 11, 6, 5, 
>> seq 63
4, 1, 7, 2, 4, 0, 9, 11, 14, 4, 10, 0, 15, 2, 4, 4, 0, 9, 0, 11, 1, 8, 12, 5, 13, 1, 5, 6, 0, 5, 2, 11, 12, 2, 0, 13, 1, 3, 8, 6, 2, 9, 8, 5, 5, 9, 7, 6, 11, 1, 12, 15, 3, 6, 10, 2, 14, 6, 12, 12, 10, 2, 1, 2, 5, 14, 9, 3, 0, 7, 15, 6, 10, 1, 6, 7, 3, 14, 13, 4, 9, 8, 4, 4, 1, 14, 0, 5, 4, 0, 5, 5, 4, 14, 4, 5, 4, 13, 11, 5, 11, 8, 13, 5, 14, 3, 11, 0, 13, 12, 2, 5, 1, 4, 2, 3, 1, 1, 3, 5, 8, 13, 4, 15, 5, 11, 6, 5, 
>> seq 64
4, 1, 7, 2, 4, 0, 9, 11, 14, 4, 10, 0, 15, 2, 4, 4, 0, 9, 0, 11, 1, 8, 12, 5, 13, 1, 5, 6, 0, 5, 2, 11, 7, 2, 0, 13, 5, 3, 8, 6, 2, 9, 8, 5, 5, 9, 7, 6, 11, 1, 12, 15, 3, 6, 10, 2, 14, 6, 12, 14, 10, 2, 1, 2, 5, 14, 9, 3, 0, 7, 15, 6, 10, 1, 6, 7, 3, 14, 13, 4, 9, 8, 4, 4, 1, 14, 0, 5, 4, 0, 5, 5, 4, 14, 4, 5, 4, 13, 11, 5, 11, 8, 13, 5, 14, 3, 11, 0, 13, 12, 2, 5, 1, 4, 2, 8, 1, 1, 3, 5, 8, 13, 4, 15, 5, 11, 6, 5, 
>> seq 65
4, 1, 7, 2, 4, 0, 9, 11, 14, 4, 10, 0, 15, 2, 4, 4, 0, 9, 0, 11, 1, 8, 12, 5, 13, 1, 5, 6, 0, 5, 2, 11, 7, 2, 0, 13, 1, 3, 8, 6, 2, 9, 8, 5, 5, 9, 7, 6, 11, 1, 12, 15, 3, 6, 10, 2, 14, 6, 12, 12, 10, 2, 1, 2, 5, 14, 9, 2, 0, 7, 15, 6, 10, 1, 6, 7, 3, 13, 13, 4, 9, 8, 4, 4, 1, 14, 0, 5, 4, 0, 5, 5, 4, 14, 4, 5, 4, 13, 11, 5, 11, 8, 13, 5, 14, 4, 11, 0, 13, 12, 2, 5, 1, 4, 2, 3, 1, 1, 3, 5, 8, 13, 4, 15, 5, 11, 6, 5, 
>> seq 66
4, 1, 7, 2, 4, 0, 9, 11, 14, 4, 10, 0, 15, 2, 4, 4, 0, 9, 0, 11, 1, 8, 12, 5, 13, 1, 5, 6, 0, 5, 2, 11, 7, 2, 0, 13, 5, 3, 8, 6, 2, 9, 8, 5, 5, 9, 7, 6, 11, 1, 12, 15, 3, 6, 10, 2, 14, 6, 12, 14, 10, 2, 1, 2, 5, 14, 9, 2, 0, 7, 15, 6, 10, 1, 6, 7, 3, 14, 13, 4, 9, 8, 4, 4, 1, 14, 0, 5, 4, 0, 5, 5, 4, 14, 4, 5, 4, 13, 11, 5, 11, 8, 13, 5, 14, 3, 11, 0, 13, 12, 2, 5, 1, 4, 2, 8, 1, 1, 3, 5, 8, 13, 4, 15, 5, 11, 6, 5, 
>> seq 67
4, 1, 7, 2, 4, 0, 9, 11, 14, 4, 10, 0, 15, 2, 4, 4, 0, 9, 0, 11, 1, 8, 12, 5, 13, 1, 5, 6, 0, 5, 2, 11, 7, 2, 0, 13, 1, 3, 8, 6, 2, 9, 8, 5, 5, 9, 7, 6, 11, 1, 12, 15, 3, 6, 10, 2, 14, 6, 12, 12, 10, 2, 1, 2, 5, 14, 9, 2, 0, 7, 15, 6, 10, 1, 6, 7, 3, 14, 13, 4, 9, 8, 4, 4, 1, 14, 0, 5, 4, 0, 5, 5, 4, 14, 4, 5, 4, 13, 11, 5, 11, 8, 13, 5, 14, 3, 11, 0, 6, 12, 2, 5, 1, 4, 2, 3, 1, 1, 3, 5, 8, 13, 4, 15, 5, 11, 6, 5, 
>> seq 68
4, 1, 7, 2, 4, 0, 9, 11, 14, 4, 10, 0, 15, 2, 4, 4, 0, 9, 0, 11, 1, 8, 12, 5, 13, 1, 4, 6, 0, 5, 2, 11, 12, 2, 0, 13, 1, 3, 8, 8, 2, 9, 8, 5, 5, 9, 7, 6, 11, 1, 12, 15, 3, 6, 10, 2, 14, 6, 12, 12, 10, 2, 1, 2, 5, 14, 9, 2, 0, 7, 15, 6, 10, 1, 6, 7, 3, 14, 13, 4, 9, 8, 4, 4, 1, 14, 0, 5, 4, 0, 5, 5, 4, 14, 4, 5, 4, 13, 11, 5, 11, 8, 13, 5, 14, 3, 11, 0, 6, 12, 2, 5, 1, 4, 2, 8, 1, 1, 3, 6, 8, 14, 4, 15, 5, 11, 6, 5, 
>> seq 69
4, 1, 7, 2, 4, 0, 9, 11, 14, 4, 10, 0, 15, 2, 4, 4, 0, 9, 0, 11, 1, 8, 12, 5, 13, 1, 4, 6, 0, 5, 2, 11, 12, 2, 0, 13, 1, 3, 8, 8, 2, 9, 8, 5, 5, 9, 7, 6, 11, 1, 12, 15, 3, 6, 10, 2, 14, 6, 12, 12, 10, 2, 1, 2, 5, 14, 9, 2, 0, 7, 15, 6, 10, 1, 6, 7, 3, 14, 13, 4, 9, 8, 4, 4, 1, 14, 0, 5, 4, 0, 5, 5, 4, 14, 4, 5, 4, 13, 11, 5, 11, 8, 13, 5, 14, 3, 11, 0, 6, 12, 2, 5, 1, 4, 2, 8, 1, 1, 3, 6, 8, 14, 4, 15, 5, 11, 6, 5, 
>> seq 70
4, 1, 7, 2, 4, 0, 9, 11, 14, 4, 10, 0, 15, 2, 4, 4, 0, 9, 0, 11, 1, 8, 12, 5, 13, 1, 4, 6, 0, 5, 2, 11, 3, 2, 0, 13, 1, 3, 8, 8, 2, 9, 8, 5, 5, 9, 7, 6, 11, 1, 12, 15, 3, 6, 10, 2, 14, 6, 12, 12, 10, 2, 1, 2, 5, 14, 9, 2, 0, 7, 15, 6, 10, 1, 6, 7, 3, 14, 13, 4, 9, 8, 4, 4, 1, 14, 0, 5, 4, 0, 5, 5, 4, 14, 4, 5, 4, 13, 11, 5, 11, 8, 13, 5, 14, 3, 11, 0, 6, 12, 2, 5, 1, 4, 2, 8, 1, 1, 3, 6, 8, 14, 4, 15, 5, 11, 6, 5, 
>> seq 71
4, 1, 7, 2, 4, 0, 9, 11, 14, 4, 10, 0, 15, 2, 4, 4, 0, 9, 0, 11, 1, 8, 12, 5, 13, 1, 4, 6, 0, 5, 2, 11, 3, 2, 0, 13, 1, 3, 8, 8, 2, 9, 8, 5, 5, 9, 7, 6, 11, 1, 12, 15, 3, 6, 10, 2, 14, 6, 12, 12, 10, 2, 1, 2, 5, 14, 9, 2, 0, 12, 15, 6, 10, 1, 6, 7, 3, 14, 13, 4, 9, 8, 4, 4, 1, 14, 0, 5, 4, 0, 5, 5, 4, 14, 4, 5, 4, 13, 11, 5, 11, 8, 13, 4, 14, 3, 11, 0, 6, 12, 2, 5, 1, 4, 2, 8, 1, 1, 3, 6, 8, 3, 4, 15, 5, 11, 6, 5, 
>> seq 72
4, 1, 13, 2, 4, 0, 9, 11, 14, 4, 10, 0, 15, 2, 4, 4, 0, 9, 0, 11, 1, 8, 12, 7, 13, 1, 4, 6, 0, 5, 2, 11, 3, 2, 0, 13, 1, 3, 8, 8, 2, 9, 8, 5, 5, 9, 7, 6, 11, 1, 12, 15, 3, 6, 10, 2, 14, 6, 12, 12, 10, 2, 1, 2, 5, 14, 9, 2, 0, 12, 15, 6, 10, 1, 6, 7, 3, 14, 13, 4, 9, 8, 4, 4, 1, 14, 0, 5, 4, 0, 5, 5, 4, 14, 4, 5, 4, 13, 11, 5, 11, 8, 13, 4, 14, 3, 11, 0, 13, 12, 2, 5, 1, 4, 2, 8, 1, 1, 3, 6, 8, 3, 4, 15, 5, 11, 6, 5, 
>> seq 73
4, 1, 13, 2, 4, 0, 9, 11, 14, 4, 10, 0, 15, 2, 4, 4, 0, 9, 0, 11, 1, 8, 12, 7, 13, 1, 4, 6, 0, 5, 2, 11, 3, 2, 0, 13, 1, 3, 8, 8, 2, 9, 8, 5, 5, 9, 7, 6, 11, 1, 12, 15, 3, 6, 10, 2, 14, 6, 12, 12, 10, 2, 1, 2, 5, 14, 9, 2, 0, 12, 15, 6, 10, 1, 6, 7, 3, 14, 13, 4, 9, 8, 4, 4, 1, 14, 0, 5, 4, 0, 5, 5, 4, 14, 4, 5, 4, 13, 11, 5, 11, 8, 13, 4, 14, 3, 11, 0, 13, 12, 2, 5, 1, 4, 2, 8, 1, 1, 3, 6, 8, 14, 4, 15, 5, 11, 6, 5, 
>> seq 74
4, 1, 13, 2, 4, 0, 9, 11, 14, 4, 10, 0, 15, 2, 4, 4, 0, 9, 0, 11, 1, 8, 12, 7, 13, 1, 4, 6, 0, 5, 2, 11, 3, 2, 0, 13, 1, 3, 8, 8, 2, 9, 8, 5, 5, 9, 7, 6, 11, 1, 12, 15, 3, 6, 10, 2, 14, 6, 12, 12, 10, 2, 1, 2, 5, 14, 9, 2, 0, 12, 15, 6, 10, 1, 6, 7, 3, 14, 13, 4, 9, 8, 4, 4, 1, 14, 0, 5, 4, 0, 5, 5, 4, 14, 4, 5, 4, 13, 11, 5, 11, 8, 13, 4, 14, 3, 11, 0, 6, 12, 2, 5, 1, 4, 2, 8, 1, 1, 3, 6, 8, 14, 4, 15, 5, 11, 6, 5, 
>> seq 75
4, 1, 13, 2, 4, 0, 9, 11, 14, 4, 10, 0, 15, 2, 4, 4, 0, 9, 0, 11, 1, 8, 12, 7, 13, 1, 4, 6, 0, 5, 2, 11, 3, 2, 0, 13, 1, 3, 8, 8, 2, 9, 8, 5, 5, 9, 7, 6, 11, 1, 12, 15, 3, 6, 10, 2, 14, 6, 12, 12, 10, 2, 1, 2, 5, 14, 9, 2, 0, 12, 15, 6, 10, 1, 6, 7, 3, 14, 13, 4, 9, 8, 4, 4, 1, 14, 0, 5, 4, 0, 5, 5, 4, 14, 4, 5, 4, 13, 11, 5, 11, 8, 13, 4, 14, 3, 11, 0, 13, 12, 2, 5, 1, 4, 2, 8, 1, 1, 3, 6, 8, 14, 4, 15, 5, 11, 6, 5, 
>> seq 76
4, 1, 7, 2, 4, 0, 9, 11, 14, 4, 10, 0, 15, 2, 4, 4, 0, 9, 0, 11, 1, 8, 12, 5, 13, 1, 4, 6, 0, 5, 2, 11, 3, 2, 0, 13, 1, 3, 8, 8, 2, 9, 8, 5, 5, 9, 7, 6, 11, 1, 12, 15, 3, 6, 10, 2, 14, 6, 12, 12, 10, 2, 1, 2, 5, 14, 9, 2, 0, 12, 15, 6, 10, 1, 6, 7, 3, 14, 13, 4, 9, 8, 4, 4, 1, 14, 0, 5, 4, 0, 5, 5, 4, 14, 4, 5, 4, 13, 11, 5, 11, 8, 13, 4, 14, 3, 11, 0, 13, 12, 2, 5, 1, 4, 2, 8, 1, 1, 3, 6, 8, 14, 4, 15, 5, 11, 6, 5, 
>> seq 77
4, 1, 7, 2, 4, 0, 9, 11, 14, 4, 10, 0, 15, 2, 4, 4, 0, 9, 0, 11, 1, 8, 12, 5, 13, 1, 4, 6, 0, 5, 2, 11, 3, 2, 0, 13, 1, 3, 8, 8, 2, 9, 8, 5, 5, 9, 7, 6, 11, 1, 12, 15, 3, 6, 10, 2, 14, 6, 12, 12, 10, 2, 1, 2, 5, 14, 9, 2, 0, 12, 15, 6, 10, 1, 6, 7, 3, 14, 13, 4, 9, 8, 4, 4, 1, 14, 0, 5, 4, 0, 5, 5, 4, 14, 4, 5, 4, 13, 11, 5, 11, 8, 13, 4, 14, 3, 11, 0, 13, 12, 2, 5, 1, 4, 2, 8, 1, 1, 3, 6, 8, 14, 4, 15, 5, 11, 6, 5, 
>> seq 78
4, 1, 7, 2, 4, 0, 9, 11, 14, 4, 10, 0, 15, 2, 4, 4, 0, 9, 0, 11, 1, 8, 12, 5, 13, 1, 4, 6, 0, 5, 2, 11, 3, 2, 0, 13, 1, 3, 8, 8, 2, 9, 8, 5, 5, 9, 7, 6, 11, 1, 12, 15, 3, 6, 10, 2, 14, 6, 12, 12, 10, 2, 1, 2, 5, 14, 9, 2, 0, 12, 15, 6, 10, 1, 6, 7, 3, 14, 13, 4, 9, 8, 4, 4, 1, 14, 0, 5, 4, 0, 5, 5, 4, 14, 4, 5, 4, 13, 11, 5, 11, 8, 13, 4, 14, 3, 11, 0, 13, 12, 2, 5, 1, 4, 2, 8, 1, 1, 3, 6, 8, 14, 4, 15, 5, 11, 6, 5, 
>> seq 79
4, 1, 13, 2, 4, 0, 9, 11, 14, 4, 10, 0, 15, 2, 4, 4, 0, 9, 0, 11, 1, 8, 12, 7, 13, 1, 4, 6, 0, 5, 2, 11, 12, 2, 0, 13, 5, 3, 8, 8, 2, 9, 8, 5, 6, 9, 7, 6, 11, 1, 12, 15, 3, 6, 10, 2, 14, 6, 12, 14, 10, 2, 1, 2, 5, 14, 9, 2, 0, 12, 15, 6, 10, 2, 6, 7, 3, 14, 13, 4, 9, 8, 4, 4, 1, 14, 0, 5, 4, 0, 5, 5, 4, 14, 4, 5, 4, 13, 11, 5, 11, 8, 13, 4, 14, 3, 11, 0, 13, 12, 2, 5, 1, 4, 2, 8, 1, 1, 3, 6, 8, 14, 4, 15, 5, 11, 6, 5, 
>> seq 80
4, 1, 7, 2, 4, 0, 9, 11, 14, 4, 10, 0, 15, 2, 4, 4, 0, 9, 0, 11, 1, 8, 12, 5, 13, 1, 4, 6, 0, 5, 2, 11, 3, 2, 0, 14, 1, 3, 8, 8, 2, 9, 8, 5, 6, 9, 7, 6, 11, 1, 12, 15, 3, 6, 10, 2, 14, 6, 12, 12, 10, 2, 1, 2, 5, 14, 9, 2, 0, 12, 15, 6, 10, 2, 6, 7, 3, 14, 13, 4, 9, 8, 4, 4, 1, 14, 0, 5, 4, 0, 5, 5, 4, 14, 4, 5, 4, 13, 11, 5, 11, 8, 13, 4, 14, 3, 11, 0, 6, 12, 2, 5, 1, 4, 2, 8, 1, 1, 3, 6, 8, 14, 4, 15, 5, 11, 6, 5, 
>> seq 81
4, 1, 7, 2, 4, 0, 9, 11, 14, 4, 10, 0, 15, 2, 4, 4, 0, 9, 0, 11, 1, 8, 12, 5, 13, 1, 4, 6, 0, 5, 2, 11, 3, 2, 0, 13, 1, 3, 8, 8, 2, 9, 8, 5, 5, 9, 7, 6, 11, 1, 12, 15, 3, 6, 10, 2, 14, 6, 12, 12, 10, 2, 1, 2, 5, 14, 9, 2, 0, 12, 15, 6, 10, 1, 6, 7, 3, 14, 13, 4, 9, 8, 4, 4, 1, 14, 0, 5, 4, 0, 5, 5, 4, 14, 4, 5, 4, 13, 11, 5, 11, 8, 13, 4, 14, 3, 11, 0, 6, 12, 2, 5, 1, 4, 2, 8, 1, 1, 3, 6, 8, 3, 4, 15, 5, 11, 6, 5, 
>> seq 82
4, 1, 7, 2, 4, 0, 9, 11, 14, 4, 10, 0, 15, 2, 4, 4, 0, 9, 0, 11, 1, 8, 12, 5, 13, 1, 4, 6, 0, 5, 2, 11, 3, 2, 0, 14, 1, 3, 8, 8, 2, 9, 8, 5, 6, 9, 7, 6, 11, 1, 12, 15, 3, 6, 10, 2, 14, 6, 12, 12, 10, 2, 1, 2, 5, 14, 9, 2, 0, 7, 15, 6, 10, 2, 6, 7, 3, 14, 13, 4, 9, 8, 4, 4, 1, 14, 0, 5, 4, 0, 5, 5, 4, 14, 4, 5, 4, 13, 11, 5, 11, 8, 13, 5, 14, 3, 11, 0, 6, 12, 2, 5, 1, 4, 2, 8, 1, 1, 3, 6, 8, 3, 4, 15, 5, 11, 6, 5, 
>> seq 83
4, 1, 7, 2, 4, 0, 9, 11, 14, 4, 10, 0, 15, 2, 4, 4, 0, 9, 0, 11, 1, 8, 12, 5, 13, 1, 4, 6, 0, 5, 2, 11, 3, 2, 0, 13, 1, 3, 8, 8, 2, 9, 8, 5, 6, 9, 7, 6, 11, 1, 12, 15, 3, 6, 10, 2, 14, 6, 12, 12, 10, 2, 1, 2, 5, 14, 9, 2, 0, 7, 15, 6, 10, 2, 6, 7, 3, 14, 13, 4, 9, 8, 4, 4, 1, 14, 0, 5, 4, 0, 5, 5, 4, 14, 4, 5, 4, 13, 11, 5, 11, 8, 13, 5, 14, 3, 11, 0, 6, 12, 2, 5, 1, 4, 2, 8, 1, 1, 3, 6, 8, 3, 4, 15, 5, 11, 6, 5, 
>> seq 84
4, 1, 7, 2, 4, 0, 9, 11, 14, 4, 10, 0, 15, 2, 4, 4, 0, 9, 0, 11, 0, 8, 14, 5, 13, 1, 4, 6, 0, 5, 2, 11, 3, 2, 0, 14, 1, 3, 8, 8, 2, 9, 8, 5, 6, 9, 7, 6, 11, 1, 12, 15, 3, 6, 10, 2, 14, 6, 12, 12, 10, 2, 1, 2, 5, 14, 9, 2, 0, 7, 15, 6, 10, 2, 6, 7, 3, 14, 11, 4, 9, 8, 4, 4, 1, 14, 0, 5, 4, 0, 5, 5, 4, 14, 4, 5, 4, 13, 11, 5, 11, 8, 13, 5, 14, 8, 11, 0, 6, 12, 2, 5, 1, 4, 2, 8, 1, 1, 3, 6, 8, 3, 4, 15, 5, 11, 6, 5, 
>> seq 85
4, 1, 7, 2, 4, 0, 9, 11, 14, 4, 10, 0, 15, 2, 4, 4, 0, 9, 0, 11, 0, 8, 12, 5, 13, 1, 5, 6, 0, 5, 2, 11, 3, 2, 0, 14, 1, 3, 8, 8, 2, 9, 8, 5, 6, 9, 7, 6, 11, 1, 12, 15, 3, 6, 10, 2, 14, 6, 12, 12, 10, 2, 1, 2, 5, 14, 9, 2, 0, 7, 15, 6, 10, 2, 6, 7, 3, 14, 13, 4, 9, 8, 4, 4, 1, 14, 0, 5, 4, 0, 5, 5, 4, 14, 4, 5, 4, 13, 11, 5, 11, 8, 13, 5, 14, 3, 11, 0, 6, 12, 2, 5, 1, 4, 2, 8, 1, 1, 3, 6, 8, 3, 4, 15, 5, 11, 6, 5, 
>> seq 86
4, 1, 7, 2, 4, 0, 9, 11, 14, 4, 10, 0, 15, 2, 4, 4, 0, 9, 0, 11, 1, 8, 12, 5, 13, 1, 5, 6, 0, 5, 2, 11, 3, 2, 0, 14, 1, 3, 8, 8, 2, 9, 8, 5, 6, 9, 7, 6, 11, 1, 12, 15, 3, 6, 10, 2, 14, 6, 12, 12, 10, 2, 1, 2, 5, 14, 9, 2, 0, 7, 15, 6, 10, 2, 6, 7, 3, 14, 13, 4, 9, 8, 4, 4, 1, 14, 0, 5, 4, 0, 5, 5, 4, 14, 4, 5, 4, 13, 11, 5, 11, 8, 13, 5, 14, 3, 11, 0, 6, 12, 2, 5, 1, 4, 2, 8, 1, 1, 3, 6, 8, 3, 4, 15, 5, 11, 6, 5, 
>> seq 87
4, 1, 7, 2, 4, 0, 9, 11, 14, 4, 10, 0, 15, 2, 4, 4, 0, 9, 0, 11, 1, 8, 12, 5, 13, 1, 4, 6, 0, 5, 2, 11, 3, 2, 0, 14, 1, 3, 8, 8, 2, 9, 8, 5, 6, 9, 7, 6, 11, 1, 12, 15, 3, 6, 10, 2, 14, 6, 12, 12, 10, 2, 1, 2, 5, 14, 9, 2, 0, 7, 15, 6, 10, 2, 6, 7, 3, 14, 13, 4, 9, 8, 4, 4, 1, 14, 0, 5, 4, 0, 5, 5, 4, 14, 4, 5, 4, 13, 11, 5, 11, 8, 13, 5, 14, 3, 11, 0, 6, 12, 2, 5, 1, 4, 2, 8, 1, 1, 3, 6, 8, 3, 4, 15, 5, 11, 6, 5, 
>> seq 88
4, 1, 7, 2, 4, 0, 9, 11, 14, 4, 10, 0, 15, 2, 4, 4, 0, 9, 0, 11, 0, 8, 12, 5, 13, 1, 4, 6, 0, 5, 2, 11, 3, 2, 0, 14, 1, 3, 8, 8, 2, 9, 8, 5, 6, 9, 7, 6, 11, 1, 12, 15, 3, 6, 10, 2, 14, 6, 12, 12, 10, 2, 1, 2, 5, 14, 9, 2, 0, 7, 15, 6, 10, 2, 6, 7, 3, 14, 13, 4, 9, 8, 4, 4, 1, 14, 0, 5, 4, 0, 5, 5, 4, 14, 4, 5, 4, 13, 11, 5, 11, 8, 13, 5, 14, 3, 11, 0, 6, 12, 2, 5, 1, 4, 2, 8, 1, 1, 3, 6, 8, 3, 4, 15, 5, 11, 6, 5, 
>> seq 89
4, 1, 7, 2, 4, 0, 9, 11, 14, 4, 10, 0, 15, 2, 4, 4, 0, 9, 0, 11, 0, 8, 14, 5, 13, 1, 4, 6, 0, 5, 2, 11, 3, 2, 0, 14, 1, 3, 8, 8, 2, 9, 8, 5, 6, 9, 7, 6, 11, 1, 12, 15, 3, 6, 10, 2, 14, 6, 12, 12, 10, 2, 1, 2, 5, 14, 9, 2, 0, 7, 15, 6, 10, 2, 6, 7, 3, 14, 11, 4, 9, 8, 4, 4, 1, 14, 0, 5, 4, 0, 5, 5, 4, 14, 4, 5, 4, 13, 11, 5, 11, 8, 13, 5, 14, 8, 11, 0, 6, 12, 2, 5, 1, 4, 2, 8, 1, 1, 3, 6, 8, 3, 4, 15, 5, 11, 6, 5, 
>> seq 90
4, 1, 7, 2, 4, 0, 9, 11, 14, 4, 10, 0, 15, 2, 4, 4, 0, 9, 0, 11, 0, 8, 14, 5, 13, 1, 4, 6, 0, 5, 2, 11, 3, 2, 0, 14, 1, 3, 8, 8, 2, 9, 8, 5, 6, 9, 7, 6, 11, 1, 12, 15, 3, 6, 10, 2, 14, 6, 12, 12, 10, 2, 1, 2, 5, 14, 9, 2, 0, 7, 15, 6, 10, 2, 6, 7, 3, 14, 11, 4, 9, 8, 4, 4, 1, 14, 0, 5, 4, 0, 5, 5, 4, 14, 4, 5, 4, 13, 11, 5, 11, 8, 13, 5, 14, 8, 11, 0, 6, 12, 2, 5, 1, 4, 2, 8, 1, 1, 3, 6, 8, 3, 4, 15, 5, 11, 6, 5, 
>> seq 91
4, 1, 7, 2, 4, 0, 9, 11, 14, 4, 10, 0, 15, 2, 4, 4, 0, 9, 0, 11, 0, 8, 14, 5, 13, 1, 4, 6, 0, 5, 2, 11, 3, 2, 0, 14, 1, 3, 8, 8, 2, 9, 8, 5, 6, 9, 7, 6, 11, 1, 12, 15, 3, 6, 10, 2, 14, 6, 12, 12, 10, 2, 1, 2, 5, 14, 9, 2, 0, 12, 15, 6, 10, 2, 6, 7, 3, 14, 11, 4, 9, 8, 4, 4, 1, 14, 0, 5, 4, 0, 5, 5, 4, 14, 4, 5, 4, 13, 11, 5, 11, 8, 13, 4, 14, 8, 11, 0, 6, 12, 2, 5, 1, 4, 2, 8, 1, 1, 3, 6, 8, 3, 4, 15, 5, 11, 6, 5, 
>> seq 92
4, 1, 7, 2, 4, 0, 9, 11, 14, 4, 10, 0, 15, 2, 4, 4, 0, 9, 0, 11, 0, 8, 14, 5, 13, 1, 4, 6, 0, 5, 2, 11, 3, 2, 0, 14, 1, 3, 8, 8, 2, 9, 8, 5, 6, 9, 7, 6, 11, 1, 12, 15, 3, 6, 10, 2, 14, 6, 12, 12, 10, 2, 1, 2, 5, 14, 9, 2, 0, 12, 15, 6, 10, 2, 6, 7, 3, 14, 11, 4, 9, 8, 4, 4, 1, 14, 0, 5, 4, 0, 5, 5, 4, 14, 4, 5, 4, 13, 11, 5, 11, 8, 13, 4, 14, 8, 11, 0, 6, 12, 2, 5, 1, 4, 2, 8, 1, 1, 3, 6, 8, 3, 4, 14, 5, 11, 6, 5, 
>> seq 93
4, 1, 13, 2, 4, 0, 9, 11, 14, 4, 10, 0, 15, 2, 4, 4, 0, 9, 0, 11, 0, 8, 14, 7, 13, 1, 4, 6, 0, 5, 2, 11, 3, 2, 0, 14, 1, 3, 8, 8, 2, 9, 8, 5, 6, 9, 7, 6, 11, 1, 12, 15, 3, 6, 10, 2, 14, 6, 12, 12, 10, 2, 1, 2, 5, 14, 9, 2, 0, 12, 15, 6, 10, 2, 6, 7, 3, 14, 11, 4, 9, 8, 4, 4, 1, 14, 0, 5, 4, 0, 5, 5, 4, 14, 4, 5, 4, 13, 11, 5, 11, 8, 13, 4, 14, 8, 11, 0, 6, 12, 2, 5, 1, 4, 2, 8, 1, 1, 3, 6, 8, 3, 4, 14, 5, 11, 6, 5, 
>> seq 94
4, 1, 13, 2, 4, 0, 9, 11, 14, 4, 10, 0, 15, 2, 4, 4, 0, 9, 0, 11, 0, 8, 14, 4, 13, 1, 4, 6, 0, 5, 2, 11, 3, 2, 0, 14, 1, 3, 8, 8, 2, 9, 8, 5, 6, 9, 7, 6, 11, 1, 12, 15, 3, 6, 10, 2, 14, 6, 12, 12, 10, 2, 1, 2, 5, 14, 9, 2, 0, 12, 15, 6, 10, 2, 6, 7, 3, 14, 11, 4, 9, 8, 4, 4, 1, 14, 0, 5, 4, 0, 5, 5, 4, 14, 4, 5, 4, 13, 11, 5, 11, 8, 13, 4, 14, 8, 11, 0, 6, 12, 2, 5, 1, 4, 2, 8, 1, 1, 3, 6, 8, 3, 4, 15, 5, 11, 6, 5, 
>> seq 95
4, 1, 13, 2, 4, 0, 9, 11, 14, 4, 10, 0, 15, 2, 4, 4, 0, 9, 0, 11, 0, 8, 14, 4, 13, 1, 4, 6, 0, 5, 2, 11, 3, 2, 0, 14, 1, 3, 8, 8, 2, 9, 8, 5, 6, 9, 7, 6, 11, 1, 12, 15, 3, 6, 10, 2, 14, 6, 12, 12, 10, 2, 1, 2, 5, 14, 9, 2, 0, 12, 15, 6, 10, 2, 6, 7, 3, 14, 11, 4, 9, 8, 4, 4, 1, 14, 0, 5, 4, 0, 5, 5, 4, 14, 4, 5, 4, 13, 11, 5, 11, 8, 13, 4, 14, 8, 11, 0, 6, 12, 2, 5, 1, 4, 2, 8, 1, 1, 3, 6, 8, 3, 4, 15, 5, 11, 6, 5, 
>> seq 96
4, 1, 13, 2, 4, 0, 9, 11, 14, 4, 10, 0, 15, 2, 4, 4, 0, 9, 0, 11, 0, 8, 14, 4, 13, 1, 4, 6, 0, 5, 2, 11, 3, 2, 0, 14, 1, 3, 8, 8, 2, 9, 8, 5, 6, 9, 7, 6, 11, 1, 12, 15, 3, 6, 10, 2, 14, 6, 12, 12, 10, 2, 1, 2, 5, 14, 9, 2, 0, 12, 15, 6, 10, 2, 6, 7, 3, 14, 11, 4, 9, 8, 4, 4, 1, 14, 0, 5, 4, 0, 5, 5, 4, 14, 4, 5, 4, 13, 11, 5, 11, 8, 13, 4, 14, 8, 11, 0, 6, 12, 2, 5, 1, 4, 2, 8, 1, 1, 3, 6, 8, 3, 4, 15, 5, 11, 6, 5, 
>> seq 97
4, 1, 13, 2, 4, 0, 9, 11, 14, 4, 10, 0, 15, 2, 4, 4, 0, 9, 0, 11, 0, 8, 14, 4, 13, 1, 4, 6, 0, 5, 2, 11, 3, 2, 0, 14, 1, 3, 8, 8, 2, 9, 8, 5, 6, 9, 7, 6, 11, 1, 12, 15, 3, 6, 10, 2, 14, 6, 12, 12, 10, 2, 1, 2, 5, 14, 9, 2, 0, 12, 15, 6, 10, 2, 6, 7, 3, 14, 11, 4, 9, 8, 4, 4, 1, 14, 0, 5, 4, 0, 5, 5, 4, 14, 4, 5, 4, 13, 11, 5, 11, 8, 13, 4, 14, 8, 11, 0, 6, 12, 2, 5, 1, 4, 2, 8, 1, 1, 3, 6, 8, 3, 4, 15, 5, 11, 6, 5, 
>> seq 98
4, 1, 13, 2, 4, 0, 9, 11, 14, 4, 10, 0, 15, 2, 4, 4, 0, 9, 0, 11, 0, 8, 14, 4, 13, 1, 4, 6, 0, 5, 2, 11, 3, 2, 0, 14, 1, 3, 8, 8, 2, 9, 8, 5, 6, 9, 7, 6, 11, 1, 12, 15, 3, 6, 10, 2, 14, 6, 12, 12, 10, 2, 1, 2, 5, 14, 9, 2, 0, 12, 15, 6, 10, 2, 6, 7, 3, 14, 11, 4, 9, 8, 4, 4, 1, 14, 0, 5, 4, 0, 5, 5, 4, 14, 4, 5, 4, 13, 11, 5, 11, 8, 13, 4, 10, 8, 11, 0, 6, 12, 2, 5, 1, 4, 2, 8, 1, 1, 3, 6, 8, 3, 4, 15, 5, 11, 6, 5, 
>> seq 99
4, 1, 13, 2, 4, 0, 9, 11, 14, 4, 10, 0, 15, 2, 4, 4, 0, 9, 0, 11, 0, 8, 14, 4, 13, 1, 4, 6, 0, 5, 2, 11, 3, 2, 0, 14, 1, 3, 8, 8, 2, 9, 8, 5, 6, 9, 7, 6, 11, 1, 12, 15, 3, 6, 10, 2, 14, 6, 12, 12, 10, 2, 1, 2, 5, 14, 9, 2, 0, 12, 13, 6, 10, 2, 6, 7, 3, 14, 11, 4, 9, 8, 4, 4, 1, 14, 0, 5, 4, 0, 5, 5, 4, 14, 4, 5, 4, 13, 11, 5, 11, 8, 13, 4, 10, 8, 11, 0, 6, 12, 2, 5, 1, 4, 2, 8, 1, 1, 3, 6, 8, 3, 4, 15, 5, 11, 6, 5, 
>> seq 100
4, 1, 13, 2, 4, 0, 9, 11, 10, 4, 10, 0, 15, 2, 4, 4, 0, 9, 0, 11, 0, 8, 14, 4, 13, 1, 4, 6, 0, 5, 2, 11, 3, 2, 0, 14, 1, 3, 8, 8, 2, 9, 8, 5, 6, 9, 7, 6, 11, 1, 12, 15, 3, 6, 10, 2, 14, 6, 12, 12, 10, 2, 1, 2, 5, 14, 9, 2, 0, 12, 13, 6, 10, 2, 6, 7, 3, 10, 11, 4, 9, 8, 4, 4, 1, 14, 0, 5, 4, 0, 5, 5, 4, 14, 4, 5, 4, 13, 9, 5, 11, 8, 7, 4, 10, 8, 11, 0, 6, 12, 2, 5, 1, 4, 2, 8, 1, 1, 3, 6, 8, 3, 4, 15, 5, 11, 6, 5, 
>> seq 101
4, 1, 13, 2, 4, 0, 9, 11, 10, 4, 10, 0, 15, 2, 4, 4, 0, 9, 0, 11, 0, 8, 14, 4, 13, 1, 4, 6, 0, 5, 2, 11, 3, 2, 0, 14, 1, 0, 8, 8, 2, 9, 8, 5, 6, 9, 7, 6, 11, 1, 12, 15, 3, 6, 10, 2, 14, 6, 12, 12, 10, 2, 1, 2, 5, 14, 9, 2, 0, 12, 13, 6, 10, 2, 6, 7, 3, 10, 11, 4, 9, 8, 4, 4, 1, 14, 0, 7, 4, 0, 5, 5, 4, 9, 1, 5, 4, 13, 9, 5, 11, 8, 7, 4, 10, 8, 11, 0, 6, 12, 2, 5, 1, 4, 2, 8, 1, 1, 3, 6, 8, 3, 4, 14, 5, 11, 6, 5, 
>> seq 102
4, 1, 13, 2, 4, 0, 9, 11, 10, 4, 10, 0, 15, 2, 4, 4, 0, 9, 0, 11, 0, 8, 14, 4, 13, 1, 4, 6, 0, 5, 2, 11, 3, 2, 0, 14, 1, 0, 8, 8, 2, 9, 8, 5, 6, 9, 7, 6, 11, 1, 12, 15, 3, 6, 10, 2, 14, 6, 12, 12, 10, 2, 1, 2, 5, 14, 9, 2, 0, 12, 13, 6, 10, 2, 6, 7, 3, 10, 11, 4, 9, 8, 4, 4, 1, 14, 0, 7, 4, 0, 5, 5, 4, 9, 1, 5, 4, 13, 9, 5, 11, 8, 7, 4, 10, 8, 11, 0, 6, 12, 2, 5, 1, 4, 2, 8, 1, 1, 3, 6, 8, 3, 4, 14, 5, 11, 6, 5, 
>> seq 103
4, 1, 13, 2, 4, 0, 9, 11, 10, 4, 10, 0, 15, 2, 4, 4, 0, 9, 0, 11, 0, 8, 14, 4, 13, 1, 4, 6, 0, 5, 2, 11, 3, 2, 0, 14, 1, 0, 8, 8, 2, 9, 8, 5, 6, 9, 7, 6, 11, 1, 12, 15, 3, 6, 10, 2, 14, 6, 12, 12, 10, 2, 1, 2, 5, 14, 9, 2, 0, 12, 13, 6, 10, 2, 6, 7, 3, 10, 11, 4, 9, 8, 4, 4, 1, 14, 0, 7, 4, 0, 5, 5, 4, 9, 1, 5, 4, 13, 9, 5, 11, 8, 7, 4, 10, 8, 11, 0, 6, 12, 2, 5, 1, 4, 2, 8, 1, 1, 3, 6, 8, 3, 4, 14, 5, 11, 6, 5, 
>> seq 104
4, 1, 13, 2, 4, 0, 9, 11, 10, 4, 10, 0, 15, 2, 4, 4, 0, 9, 0, 11, 0, 8, 14, 4, 13, 1, 4, 6, 0, 5, 2, 11, 3, 2, 0, 14, 1, 0, 8, 8, 2, 9, 8, 5, 6, 9, 7, 6, 11, 1, 12, 15, 3, 6, 10, 2, 14, 6, 12, 12, 10, 2, 1, 2, 5, 14, 9, 2, 0, 12, 13, 6, 10, 2, 6, 7, 3, 10, 11, 4, 9, 8, 4, 4, 1, 14, 0, 7, 4, 0, 5, 5, 4, 9, 1, 5, 4, 13, 9, 5, 11, 8, 7, 4, 10, 8, 11, 0, 6, 12, 2, 5, 1, 4, 2, 8, 1, 1, 3, 6, 8, 3, 4, 14, 5, 11, 6, 5, 
>> seq 105
4, 1, 13, 2, 4, 0, 9, 11, 10, 4, 10, 0, 15, 2, 4, 4, 0, 9, 0, 11, 0, 8, 8, 4, 13, 1, 4, 6, 0, 5, 2, 11, 3, 2, 0, 14, 1, 0, 8, 8, 2, 9, 8, 5, 6, 9, 7, 6, 11, 1, 12, 13, 3, 6, 10, 2, 14, 6, 12, 12, 10, 2, 1, 2, 5, 14, 9, 2, 0, 12, 13, 6, 10, 2, 6, 7, 3, 10, 11, 4, 9, 8, 4, 4, 1, 14, 0, 5, 4, 0, 5, 5, 4, 9, 1, 5, 4, 13, 9, 5, 11, 8, 7, 4, 10, 8, 11, 0, 6, 12, 2, 5, 1, 4, 2, 8, 1, 1, 3, 6, 8, 3, 4, 14, 5, 11, 6, 5, 
>> seq 106
4, 1, 13, 2, 4, 0, 9, 11, 10, 4, 10, 0, 15, 2, 4, 4, 0, 9, 0, 11, 0, 8, 14, 4, 13, 1, 4, 6, 0, 5, 2, 11, 3, 2, 0, 14, 1, 0, 8, 8, 2, 9, 8, 5, 6, 9, 7, 6, 11, 1, 12, 15, 3, 6, 10, 2, 14, 6, 12, 12, 10, 2, 1, 2, 5, 14, 9, 2, 0, 12, 13, 6, 10, 2, 6, 7, 3, 10, 11, 4, 9, 8, 4, 4, 1, 14, 0, 5, 4, 0, 5, 5, 4, 14, 1, 5, 4, 13, 11, 5, 11, 8, 13, 4, 10, 8, 11, 0, 6, 12, 2, 5, 1, 4, 2, 8, 1, 1, 3, 6, 8, 3, 4, 15, 5, 11, 6, 5, 
>> seq 107
4, 1, 13, 2, 4, 0, 9, 11, 10, 4, 10, 0, 15, 2, 4, 4, 0, 9, 0, 11, 0, 8, 14, 4, 13, 1, 4, 6, 0, 5, 2, 11, 3, 2, 0, 14, 1, 0, 8, 8, 2, 9, 8, 5, 6, 9, 7, 6, 11, 1, 12, 15, 3, 6, 10, 2, 14, 6, 12, 12, 10, 2, 1, 2, 5, 3, 9, 2, 0, 12, 13, 6, 10, 2, 6, 7, 3, 10, 11, 4, 9, 8, 4, 4, 1, 14, 0, 7, 4, 0, 5, 5, 4, 14, 1, 5, 4, 13, 11, 5, 11, 8, 13, 4, 10, 8, 11, 0, 6, 12, 2, 5, 1, 4, 2, 8, 1, 1, 3, 6, 8, 3, 4, 15, 5, 11, 6, 5, 
>> seq 108
4, 1, 13, 2, 4, 0, 9, 11, 14, 4, 10, 0, 15, 2, 4, 4, 0, 9, 0, 11, 0, 8, 14, 4, 13, 1, 4, 6, 0, 5, 2, 11, 3, 2, 0, 14, 1, 0, 8, 8, 2, 9, 8, 5, 6, 9, 7, 6, 11, 1, 12, 15, 3, 6, 10, 2, 14, 6, 12, 12, 10, 2, 1, 2, 5, 14, 9, 2, 0, 12, 13, 6, 10, 2, 6, 7, 3, 14, 11, 4, 9, 8, 4, 4, 1, 14, 0, 7, 4, 0, 5, 5, 4, 14, 1, 5, 4, 13, 11, 5, 11, 8, 13, 4, 10, 8, 11, 0, 6, 12, 2, 5, 1, 4, 2, 8, 1, 1, 3, 6, 8, 3, 4, 15, 5, 11, 6, 5, 
>> seq 109
4, 1, 13, 2, 4, 0, 9, 11, 10, 4, 10, 0, 15, 2, 4, 4, 0, 9, 0, 11, 0, 8, 14, 4, 13, 1, 4, 6, 0, 5, 2, 11, 3, 2, 0, 14, 1, 0, 8, 8, 2, 9, 8, 5, 6, 9, 7, 6, 11, 1, 12, 15, 3, 6, 10, 2, 14, 6, 12, 12, 10, 2, 1, 2, 5, 14, 9, 2, 0, 12, 13, 6, 10, 2, 6, 7, 3, 10, 11, 4, 9, 8, 4, 4, 1, 14, 0, 7, 4, 0, 5, 5, 4, 14, 1, 5, 4, 13, 9, 5, 11, 8, 7, 4, 10, 8, 11, 0, 6, 12, 2, 5, 1, 4, 2, 8, 1, 1, 3, 6, 8, 3, 4, 15, 5, 11, 6, 5, 
>> seq 110
4, 1, 13, 2, 4, 0, 9, 11, 10, 4, 10, 0, 15, 2, 4, 4, 0, 9, 0, 11, 0, 8, 14, 4, 13, 1, 4, 6, 0, 5, 2, 11, 3, 2, 0, 14, 1, 0, 8, 8, 2, 9, 8, 5, 6, 9, 7, 6, 11, 1, 12, 15, 3, 6, 10, 2, 14, 6, 12, 12, 10, 2, 1, 2, 5, 14, 9, 2, 0, 12, 13, 6, 10, 2, 6, 7, 3, 10, 11, 4, 9, 8, 4, 4, 1, 14, 0, 5, 4, 0, 5, 5, 4, 14, 1, 5, 4, 13, 9, 5, 11, 8, 7, 4, 10, 8, 11, 0, 6, 12, 2, 5, 1, 4, 2, 8, 1, 1, 3, 6, 8, 3, 4, 15, 5, 11, 6, 5, 
>> seq 111
4, 1, 13, 2, 4, 0, 9, 11, 10, 4, 10, 0, 15, 2, 4, 4, 0, 9, 0, 11, 0, 8, 12, 4, 13, 1, 4, 6, 0, 5, 2, 11, 3, 2, 0, 14, 1, 0, 8, 8, 2, 9, 8, 5, 6, 9, 7, 6, 11, 1, 12, 15, 3, 6, 10, 2, 14, 6, 12, 12, 10, 2, 1, 2, 5, 14, 9, 2, 0, 12, 13, 6, 10, 2, 6, 7, 3, 10, 13, 4, 9, 8, 4, 4, 1, 14, 0, 5, 4, 0, 5, 5, 4, 14, 1, 5, 4, 13, 9, 5, 11, 8, 7, 4, 10, 0, 11, 0, 6, 12, 2, 5, 1, 4, 2, 8, 1, 1, 3, 6, 8, 3, 4, 15, 5, 11, 6, 5, 
>> seq 112
4, 1, 13, 2, 4, 0, 9, 11, 10, 4, 10, 0, 15, 2, 4, 4, 0, 9, 0, 11, 0, 8, 12, 4, 13, 1, 4, 6, 0, 5, 2, 11, 3, 2, 0, 14, 1, 0, 8, 8, 2, 9, 8, 5, 6, 9, 7, 6, 11, 1, 12, 15, 3, 6, 10, 2, 14, 6, 12, 12, 10, 2, 1, 2, 5, 14, 9, 2, 0, 12, 13, 6, 10, 2, 6, 7, 3, 10, 13, 4, 9, 8, 4, 4, 1, 14, 0, 5, 4, 0, 5, 5, 4, 14, 1, 5, 4, 13, 9, 5, 11, 8, 7, 4, 10, 0, 11, 0, 6, 12, 2, 5, 1, 4, 2, 8, 1, 1, 3, 6, 8, 3, 4, 15, 5, 11, 6, 5, 
>> seq 113
4, 1, 13, 2, 4, 0, 9, 11, 10, 4, 10, 0, 15, 2, 4, 4, 0, 9, 0, 11, 0, 8, 12, 4, 13, 1, 4, 6, 0, 5, 2, 11, 3, 2, 0, 14, 1, 0, 8, 8, 2, 9, 8, 5, 6, 9, 7, 6, 11, 1, 12, 15, 3, 6, 10, 2, 14, 6, 12, 12, 10, 2, 1, 2, 5, 14, 9, 2, 0, 12, 13, 6, 10, 2, 6, 7, 3, 10, 13, 4, 9, 8, 4, 4, 1, 14, 0, 7, 4, 0, 5, 5, 4, 14, 1, 5, 4, 13, 9, 5, 11, 8, 7, 4, 10, 0, 11, 0, 6, 12, 2, 5, 1, 4, 2, 8, 1, 1, 3, 6, 8, 3, 4, 15, 5, 11, 6, 5, 
>> seq 114
4, 1, 13, 2, 4, 0, 9, 11, 10, 4, 10, 0, 15, 2, 4, 4, 0, 9, 0, 11, 0, 8, 12, 4, 13, 1, 4, 6, 0, 5, 2, 11, 3, 2, 0, 13, 1, 0, 8, 8, 2, 9, 8, 5, 6, 9, 7, 6, 11, 1, 12, 15, 3, 6, 10, 2, 14, 6, 12, 12, 10, 2, 1, 2, 5, 14, 9, 2, 0, 12, 13, 6, 10, 2, 6, 7, 3, 10, 13, 4, 9, 8, 4, 4, 1, 14, 0, 7, 4, 0, 5, 5, 4, 9, 1, 5, 4, 13, 9, 5, 11, 8, 7, 4, 10, 0, 11, 0, 6, 12, 2, 5, 1, 4, 2, 8, 1, 1, 3, 6, 8, 3, 4, 14, 5, 11, 6, 5, 
>> seq 115
4, 1, 13, 2, 4, 0, 9, 11, 10, 4, 10, 0, 15, 2, 4, 4, 0, 9, 0, 11, 0, 8, 12, 4, 13, 1, 4, 6, 0, 5, 2, 11, 3, 2, 0, 14, 1, 0, 8, 8, 2, 9, 8, 5, 6, 9, 7, 6, 11, 1, 12, 15, 3, 6, 10, 2, 14, 6, 12, 12, 10, 2, 1, 2, 5, 14, 9, 2, 0, 12, 13, 6, 10, 2, 6, 7, 3, 10, 13, 4, 9, 8, 4, 4, 1, 14, 0, 7, 4, 0, 5, 5, 4, 9, 1, 5, 4, 13, 9, 5, 11, 8, 7, 4, 10, 0, 11, 0, 6, 12, 2, 5, 1, 4, 2, 8, 1, 1, 3, 6, 8, 3, 4, 14, 5, 11, 6, 5, 
>> seq 116
4, 1, 13, 2, 4, 0, 9, 11, 10, 4, 10, 0, 15, 2, 4, 4, 0, 9, 0, 11, 0, 8, 12, 4, 13, 1, 4, 6, 0, 5, 2, 11, 3, 2, 0, 14, 1, 0, 8, 8, 2, 9, 8, 5, 6, 9, 7, 6, 11, 1, 12, 15, 3, 6, 10, 2, 14, 6, 12, 12, 10, 2, 1, 2, 5, 14, 9, 2, 0, 12, 13, 6, 10, 2, 6, 7, 3, 10, 13, 4, 9, 8, 4, 4, 1, 14, 0, 7, 4, 0, 5, 5, 4, 9, 1, 5, 4, 13, 9, 5, 11, 8, 7, 4, 10, 0, 11, 0, 6, 12, 2, 5, 1, 4, 2, 8, 1, 1, 3, 6, 8, 3, 4, 14, 5, 11, 6, 5, 
>> seq 117
4, 1, 13, 2, 4, 0, 9, 11, 10, 4, 10, 0, 15, 2, 4, 4, 0, 9, 0, 11, 0, 8, 12, 4, 13, 1, 4, 6, 0, 5, 2, 11, 3, 2, 0, 13, 1, 0, 8, 8, 2, 9, 8, 5, 6, 9, 7, 6, 11, 1, 12, 15, 3, 6, 10, 2, 14, 6, 12, 12, 10, 2, 1, 2, 5, 14, 9, 2, 0, 12, 13, 6, 10, 2, 6, 7, 3, 10, 13, 4, 9, 8, 4, 4, 1, 14, 0, 7, 4, 0, 5, 5, 4, 9, 1, 5, 4, 13, 9, 5, 11, 8, 7, 4, 10, 0, 11, 0, 6, 12, 2, 5, 1, 4, 2, 8, 1, 1, 3, 6, 8, 3, 4, 14, 5, 11, 6, 5, 
>> seq 118
4, 1, 13, 2, 4, 0, 9, 11, 10, 4, 10, 0, 15, 2, 4, 4, 0, 9, 0, 11, 0, 8, 12, 4, 13, 1, 4, 6, 0, 5, 2, 11, 3, 2, 0, 13, 1, 0, 8, 8, 2, 9, 8, 5, 6, 9, 7, 6, 11, 1, 12, 15, 3, 6, 10, 2, 14, 6, 12, 12, 10, 2, 1, 2, 5, 14, 9, 2, 0, 12, 13, 6, 10, 2, 6, 7, 3, 10, 13, 4, 9, 8, 4, 4, 1, 14, 0, 5, 4, 0, 5, 5, 4, 9, 1, 5, 4, 13, 9, 5, 11, 8, 7, 4, 10, 0, 11, 0, 6, 12, 2, 5, 1, 4, 2, 8, 1, 1, 3, 6, 8, 3, 4, 14, 5, 11, 6, 5, 
>> seq 119
4, 1, 13, 2, 4, 0, 9, 11, 10, 4, 10, 0, 15, 2, 4, 4, 0, 9, 0, 11, 0, 8, 12, 4, 13, 1, 4, 6, 0, 5, 2, 11, 3, 2, 0, 13, 1, 0, 8, 8, 2, 9, 8, 5, 6, 9, 7, 6, 11, 1, 12, 15, 3, 6, 10, 2, 14, 6, 12, 12, 10, 2, 1, 2, 5, 14, 9, 2, 0, 12, 13, 6, 10, 2, 6, 7, 3, 10, 13, 4, 9, 8, 4, 4, 1, 14, 0, 5, 4, 0, 5, 5, 4, 9, 1, 5, 4, 13, 9, 5, 11, 8, 7, 4, 10, 0, 11, 0, 6, 12, 2, 5, 1, 4, 2, 8, 1, 1, 3, 6, 8, 3, 4, 14, 5, 11, 6, 5, 
>> seq 120
4, 1, 13, 2, 4, 0, 9, 11, 10, 4, 10, 0, 15, 2, 4, 4, 0, 9, 0, 11, 0, 8, 1, 4, 13, 1, 4, 6, 0, 5, 2, 11, 3, 2, 0, 13, 1, 0, 8, 8, 2, 9, 8, 5, 5, 9, 7, 6, 11, 1, 12, 13, 3, 6, 10, 2, 14, 6, 12, 12, 10, 2, 1, 2, 5, 14, 9, 2, 0, 12, 13, 6, 10, 1, 6, 7, 3, 10, 13, 4, 9, 8, 4, 4, 1, 14, 0, 5, 4, 0, 5, 5, 4, 9, 1, 5, 4, 13, 9, 5, 11, 8, 7, 4, 10, 0, 11, 0, 6, 12, 2, 5, 1, 4, 2, 8, 1, 1, 3, 6, 8, 3, 4, 14, 5, 11, 6, 5, 
>> seq 121
4, 1, 13, 2, 4, 0, 9, 11, 10, 4, 10, 0, 15, 2, 4, 4, 0, 9, 0, 11, 0, 8, 12, 4, 13, 1, 4, 6, 0, 5, 2, 11, 3, 2, 0, 13, 1, 0, 8, 8, 2, 9, 8, 5, 5, 9, 7, 6, 11, 1, 12, 15, 3, 6, 10, 2, 14, 6, 12, 12, 10, 2, 1, 2, 5, 14, 9, 2, 0, 12, 13, 6, 10, 1, 6, 7, 3, 10, 13, 4, 9, 8, 4, 4, 1, 14, 0, 7, 4, 0, 5, 5, 4, 14, 1, 5, 4, 13, 9, 5, 11, 8, 7, 4, 10, 0, 11, 0, 6, 12, 2, 5, 1, 4, 2, 8, 1, 1, 3, 6, 8, 3, 4, 15, 5, 11, 6, 5, 
>> seq 122
4, 1, 13, 2, 4, 0, 9, 11, 10, 4, 10, 0, 15, 2, 4, 4, 0, 9, 0, 11, 0, 8, 12, 4, 13, 1, 4, 6, 0, 5, 2, 11, 3, 2, 0, 13, 1, 0, 8, 8, 2, 9, 8, 5, 5, 9, 7, 6, 11, 1, 12, 15, 3, 6, 10, 2, 14, 6, 12, 12, 10, 2, 1, 2, 5, 14, 9, 2, 0, 12, 13, 6, 10, 1, 6, 7, 3, 10, 13, 4, 9, 8, 4, 4, 1, 14, 0, 5, 4, 0, 5, 5, 4, 14, 1, 5, 4, 13, 9, 5, 11, 8, 7, 4, 10, 0, 11, 0, 6, 12, 2, 5, 1, 4, 2, 8, 1, 1, 3, 6, 8, 3, 4, 15, 5, 11, 6, 5, 
>> seq 123
4, 1, 13, 2, 4, 0, 9, 11, 10, 4, 10, 0, 15, 2, 4, 4, 0, 9, 0, 11, 0, 8, 12, 4, 13, 1, 4, 6, 0, 5, 2, 11, 3, 2, 0, 13, 1, 0, 8, 8, 2, 9, 8, 5, 5, 9, 7, 6, 11, 1, 12, 15, 3, 6, 10, 2, 14, 6, 12, 12, 10, 2, 1, 2, 5, 14, 9, 2, 0, 12, 13, 6, 10, 1, 6, 7, 3, 10, 13, 4, 9, 8, 4, 4, 1, 14, 0, 5, 4, 0, 5, 5, 4, 14, 1, 5, 4, 13, 11, 5, 11, 8, 13, 4, 10, 0, 11, 0, 6, 12, 2, 5, 1, 4, 2, 8, 1, 1, 3, 6, 8, 3, 4, 15, 5, 11, 6, 5, 
>> seq 124
4, 1, 13, 2, 4, 0, 9, 11, 10, 4, 10, 0, 15, 2, 4, 4, 0, 9, 0, 11, 0, 8, 12, 4, 13, 1, 4, 6, 0, 5, 2, 11, 3, 2, 0, 13, 1, 0, 8, 8, 2, 9, 8, 5, 5, 9, 7, 6, 11, 1, 12, 15, 3, 6, 10, 2, 14, 6, 12, 12, 10, 2, 1, 2, 5, 3, 9, 2, 0, 12, 13, 6, 10, 1, 6, 7, 3, 10, 13, 4, 9, 8, 4, 4, 1, 14, 0, 5, 4, 0, 5, 5, 4, 14, 1, 5, 4, 13, 11, 5, 11, 8, 13, 4, 10, 0, 11, 0, 6, 12, 2, 5, 1, 4, 2, 8, 1, 1, 3, 6, 8, 3, 4, 15, 5, 11, 6, 5, 
>> seq 125
4, 1, 13, 2, 4, 0, 9, 11, 10, 4, 10, 0, 15, 2, 4, 4, 0, 9, 0, 11, 0, 8, 12, 4, 13, 1, 4, 6, 0, 5, 2, 11, 3, 2, 0, 13, 1, 0, 8, 8, 2, 9, 8, 5, 5, 9, 7, 6, 11, 1, 12, 15, 3, 6, 10, 2, 14, 6, 12, 12, 10, 2, 1, 2, 5, 14, 9, 2, 0, 12, 13, 6, 10, 1, 6, 7, 3, 10, 13, 4, 9, 8, 4, 4, 1, 14, 0, 5, 4, 0, 5, 5, 4, 14, 1, 5, 4, 13, 11, 5, 11, 8, 13, 4, 10, 0, 11, 0, 6, 12, 2, 5, 1, 4, 2, 8, 1, 1, 3, 6, 8, 3, 4, 15, 5, 11, 6, 5, 
>> seq 126
4, 1, 13, 2, 4, 0, 9, 11, 14, 4, 10, 0, 15, 2, 4, 4, 0, 9, 0, 11, 0, 8, 12, 4, 13, 1, 4, 6, 0, 5, 2, 11, 3, 2, 0, 13, 1, 0, 8, 8, 2, 9, 8, 5, 5, 9, 7, 6, 11, 1, 12, 15, 3, 6, 10, 2, 14, 6, 12, 12, 10, 2, 1, 2, 5, 14, 9, 2, 0, 12, 15, 6, 10, 1, 6, 7, 3, 14, 13, 4, 9, 8, 4, 4, 1, 14, 0, 7, 4, 0, 5, 5, 4, 14, 1, 5, 4, 13, 11, 5, 11, 8, 13, 4, 10, 3, 11, 0, 6, 12, 2, 5, 1, 4, 2, 8, 1, 1, 3, 6, 8, 3, 4, 15, 5, 11, 6, 5, 
>> seq 127
4, 1, 13, 2, 4, 0, 9, 11, 14, 4, 10, 0, 15, 2, 4, 4, 0, 9, 0, 11, 0, 8, 12, 4, 13, 1, 4, 6, 0, 5, 2, 11, 3, 2, 0, 13, 1, 0, 8, 8, 2, 9, 8, 5, 5, 9, 7, 6, 11, 1, 12, 15, 3, 6, 10, 2, 14, 6, 12, 12, 10, 2, 1, 2, 5, 14, 9, 2, 0, 12, 15, 6, 10, 1, 6, 7, 3, 14, 13, 4, 9, 8, 4, 4, 1, 14, 0, 7, 4, 0, 5, 5, 4, 14, 1, 5, 4, 13, 11, 5, 11, 8, 13, 4, 10, 0, 11, 0, 6, 12, 2, 5, 1, 4, 2, 8, 1, 1, 3, 6, 8, 3, 4, 15, 5, 11, 6, 5, 
>> seq 128
4, 1, 13, 2, 4, 0, 9, 11, 14, 4, 10, 0, 15, 2, 4, 4, 0, 9, 0, 11, 0, 8, 12, 4, 13, 1, 4, 6, 0, 5, 2, 11, 3, 2, 0, 13, 1, 0, 8, 8, 2, 9, 8, 5, 5, 9, 7, 6, 11, 1, 12, 15, 3, 6, 10, 2, 14, 6, 12, 12, 10, 2, 1, 2, 5, 14, 9, 2, 0, 12, 15, 6, 10, 1, 6, 7, 3, 14, 13, 4, 9, 8, 4, 4, 1, 14, 0, 5, 4, 0, 5, 5, 4, 14, 1, 5, 4, 13, 11, 5, 11, 8, 13, 4, 10, 3, 11, 0, 6, 12, 2, 5, 1, 4, 2, 8, 1, 1, 3, 6, 8, 3, 4, 15, 5, 11, 6, 5, 
>> seq 129
4, 1, 13, 2, 4, 0, 9, 11, 14, 4, 10, 0, 15, 2, 4, 4, 0, 9, 0, 11, 0, 8, 12, 4, 13, 1, 4, 6, 0, 5, 2, 11, 3, 2, 0, 13, 1, 0, 8, 8, 2, 9, 8, 5, 5, 9, 7, 6, 11, 1, 12, 15, 3, 6, 10, 2, 14, 6, 12, 12, 10, 2, 1, 2, 5, 14, 9, 2, 0, 12, 13, 6, 10, 1, 6, 7, 3, 14, 13, 4, 9, 8, 4, 4, 1, 14, 0, 5, 4, 0, 5, 5, 4, 14, 1, 5, 4, 13, 11, 5, 11, 8, 13, 4, 10, 0, 11, 0, 6, 12, 2, 5, 1, 4, 2, 8, 1, 1, 3, 6, 8, 3, 4, 15, 5, 11, 6, 5, 
>> seq 130
4, 1, 13, 2, 4, 0, 9, 11, 14, 4, 10, 0, 15, 2, 4, 4, 0, 9, 0, 11, 0, 8, 12, 4, 13, 1, 4, 6, 0, 5, 2, 11, 3, 2, 0, 13, 1, 0, 8, 8, 2, 9, 8, 5, 5, 9, 7, 6, 11, 1, 12, 15, 3, 6, 10, 2, 14, 6, 12, 12, 10, 2, 1, 2, 5, 14, 9, 2, 0, 12, 15, 6, 10, 1, 6, 7, 3, 14, 13, 4, 9, 8, 4, 4, 1, 14, 0, 7, 4, 0, 5, 5, 4, 14, 1, 5, 4, 13, 11, 5, 11, 8, 13, 4, 10, 0, 11, 0, 6, 12, 2, 5, 1, 4, 2, 8, 1, 1, 3, 6, 8, 3, 4, 15, 5, 11, 6, 5, 
>> seq 131
4, 1, 13, 2, 4, 0, 9, 11, 10, 4, 10, 0, 15, 2, 4, 4, 0, 9, 0, 11, 0, 8, 12, 4, 13, 1, 4, 6, 0, 5, 2, 11, 3, 2, 0, 14, 1, 0, 8, 8, 2, 9, 8, 5, 6, 9, 7, 6, 11, 1, 12, 15, 3, 6, 10, 2, 14, 6, 12, 12, 10, 2, 1, 2, 5, 14, 9, 2, 0, 12, 13, 6, 10, 2, 6, 7, 3, 10, 13, 4, 9, 8, 4, 4, 1, 14, 0, 7, 4, 0, 5, 5, 4, 14, 1, 5, 4, 13, 11, 5, 11, 8, 13, 4, 10, 0, 11, 0, 6, 12, 2, 5, 1, 4, 2, 8, 1, 1, 3, 6, 8, 3, 4, 15, 5, 11, 6, 5, 
>> seq 132
4, 1, 13, 2, 4, 0, 9, 11, 10, 4, 10, 0, 15, 2, 4, 4, 0, 9, 0, 11, 0, 8, 12, 4, 13, 1, 4, 6, 0, 5, 2, 11, 3, 2, 0, 14, 1, 0, 8, 8, 2, 9, 8, 5, 6, 9, 7, 6, 11, 1, 12, 15, 3, 6, 10, 2, 14, 6, 12, 12, 10, 2, 1, 2, 5, 14, 9, 2, 0, 12, 13, 6, 10, 2, 6, 7, 3, 10, 13, 4, 9, 8, 4, 4, 1, 14, 0, 7, 4, 0, 5, 5, 4, 14, 1, 5, 4, 13, 11, 5, 11, 8, 13, 4, 10, 0, 11, 0, 6, 12, 2, 5, 1, 4, 2, 8, 1, 1, 3, 6, 8, 3, 4, 15, 5, 11, 6, 5, 
>> seq 133
4, 1, 13, 2, 4, 0, 9, 11, 14, 4, 10, 0, 15, 2, 4, 4, 0, 9, 0, 11, 0, 8, 12, 4, 13, 1, 4, 6, 0, 6, 2, 11, 3, 2, 0, 14, 1, 0, 8, 8, 2, 9, 8, 5, 6, 9, 7, 6, 11, 1, 12, 15, 3, 6, 10, 2, 14, 6, 12, 12, 10, 2, 1, 2, 5, 14, 9, 2, 0, 12, 13, 6, 10, 2, 6, 7, 3, 14, 12, 4, 9, 8, 4, 4, 1, 14, 0, 7, 4, 0, 5, 5, 4, 14, 1, 5, 4, 13, 11, 5, 11, 8, 15, 4, 10, 0, 11, 0, 6, 12, 2, 5, 1, 4, 2, 8, 1, 1, 3, 6, 8, 3, 4, 15, 5, 11, 6, 5, 
>> seq 134
4, 1, 13, 2, 4, 0, 9, 11, 10, 4, 10, 0, 15, 2, 4, 4, 0, 9, 0, 11, 0, 8, 12, 4, 13, 1, 4, 6, 0, 6, 2, 11, 3, 2, 0, 14, 1, 0, 8, 8, 2, 9, 8, 5, 6, 9, 7, 6, 11, 1, 12, 15, 3, 6, 10, 2, 14, 6, 12, 12, 10, 2, 1, 2, 5, 14, 9, 2, 0, 12, 13, 6, 10, 2, 6, 7, 3, 10, 13, 4, 9, 8, 4, 4, 1, 14, 0, 7, 4, 0, 5, 5, 4, 14, 1, 5, 4, 13, 11, 5, 11, 8, 13, 4, 10, 0, 11, 0, 6, 12, 2, 5, 1, 4, 2, 8, 1, 1, 3, 6, 8, 3, 4, 15, 5, 11, 6, 5, 
>> seq 135
4, 1, 13, 2, 4, 0, 9, 11, 10, 4, 10, 0, 15, 2, 4, 4, 0, 9, 0, 11, 0, 8, 12, 4, 13, 1, 4, 6, 0, 6, 2, 11, 3, 2, 0, 14, 1, 0, 8, 8, 2, 9, 8, 5, 6, 9, 7, 6, 11, 1, 12, 15, 3, 6, 10, 2, 14, 6, 12, 12, 10, 2, 1, 2, 5, 14, 9, 2, 0, 12, 13, 6, 10, 2, 6, 7, 3, 10, 13, 4, 9, 8, 4, 4, 1, 14, 0, 7, 4, 0, 5, 5, 4, 14, 1, 5, 4, 13, 9, 5, 11, 8, 7, 4, 10, 0, 11, 0, 6, 12, 2, 5, 1, 4, 2, 8, 1, 1, 3, 6, 8, 3, 4, 15, 5, 11, 6, 5, 
>> seq 136
4, 1, 13, 2, 4, 0, 9, 11, 10, 4, 10, 0, 15, 2, 4, 4, 0, 9, 0, 11, 0, 8, 12, 4, 13, 1, 4, 6, 0, 6, 2, 11, 3, 2, 0, 14, 1, 0, 8, 8, 2, 9, 8, 5, 6, 9, 7, 6, 11, 1, 12, 15, 3, 6, 10, 2, 14, 6, 12, 12, 10, 2, 1, 2, 5, 14, 9, 2, 0, 12, 13, 6, 10, 2, 6, 7, 3, 10, 13, 4, 9, 8, 4, 4, 1, 14, 0, 7, 4, 0, 5, 5, 4, 14, 1, 5, 4, 13, 9, 5, 11, 8, 7, 4, 10, 0, 11, 0, 6, 12, 2, 5, 1, 4, 2, 8, 1, 1, 3, 6, 8, 3, 4, 15, 5, 11, 6, 5, 
>> seq 137
4, 1, 13, 2, 4, 0, 9, 11, 10, 4, 10, 0, 15, 2, 4, 4, 0, 9, 0, 11, 0, 8, 12, 4, 13, 1, 4, 6, 0, 5, 2, 11, 3, 2, 0, 14, 1, 0, 8, 8, 2, 9, 8, 5, 6, 9, 7, 6, 11, 1, 12, 15, 3, 6, 10, 2, 14, 6, 12, 12, 10, 2, 1, 2, 5, 14, 9, 2, 0, 12, 13, 6, 10, 2, 6, 7, 3, 10, 13, 4, 9, 8, 4, 4, 1, 14, 0, 7, 4, 0, 5, 5, 4, 14, 1, 5, 4, 13, 9, 5, 11, 8, 7, 4, 10, 0, 11, 0, 6, 12, 2, 5, 1, 4, 2, 8, 1, 1, 3, 6, 8, 3, 4, 15, 5, 11, 6, 5, 
>> seq 138
4, 1, 13, 2, 4, 0, 9, 11, 14, 4, 10, 0, 15, 2, 4, 4, 0, 9, 0, 11, 0, 8, 12, 4, 13, 1, 4, 6, 0, 6, 2, 11, 3, 2, 0, 14, 1, 3, 8, 8, 2, 9, 8, 5, 6, 9, 7, 6, 11, 1, 12, 15, 3, 6, 10, 2, 14, 6, 12, 12, 10, 2, 1, 2, 5, 14, 9, 2, 0, 12, 13, 6, 10, 2, 6, 7, 3, 14, 12, 4, 9, 8, 4, 4, 1, 14, 0, 7, 4, 0, 5, 5, 4, 14, 4, 5, 4, 13, 11, 5, 11, 8, 15, 4, 10, 3, 11, 0, 6, 12, 2, 5, 1, 4, 2, 8, 1, 1, 3, 6, 8, 3, 4, 15, 5, 11, 6, 5, 
>> seq 139
4, 1, 13, 2, 4, 0, 9, 11, 14, 4, 10, 0, 15, 2, 4, 4, 0, 9, 0, 11, 0, 8, 12, 4, 13, 1, 4, 6, 0, 6, 2, 11, 3, 2, 0, 13, 1, 3, 8, 8, 2, 9, 8, 5, 6, 9, 7, 6, 11, 1, 12, 15, 3, 6, 10, 2, 14, 6, 12, 12, 10, 2, 1, 2, 5, 14, 9, 2, 0, 12, 15, 6, 10, 2, 6, 7, 3, 14, 12, 4, 9, 8, 4, 4, 1, 14, 0, 7, 4, 0, 5, 5, 4, 14, 4, 5, 4, 13, 11, 5, 11, 8, 15, 4, 14, 3, 11, 0, 6, 12, 2, 5, 1, 4, 2, 8, 1, 1, 3, 6, 8, 3, 4, 15, 5, 11, 6, 5, 
>> seq 140
4, 1, 13, 2, 4, 0, 9, 11, 14, 4, 10, 0, 15, 2, 4, 4, 0, 9, 0, 11, 0, 8, 12, 4, 13, 1, 4, 6, 0, 6, 2, 11, 3, 2, 0, 13, 1, 0, 8, 8, 2, 9, 8, 5, 6, 9, 7, 6, 11, 1, 12, 15, 3, 6, 10, 2, 14, 6, 12, 12, 10, 2, 1, 2, 5, 14, 9, 2, 0, 12, 15, 6, 10, 2, 6, 7, 3, 14, 12, 4, 9, 8, 4, 4, 1, 14, 0, 7, 4, 0, 5, 5, 4, 14, 1, 5, 4, 13, 11, 5, 11, 8, 15, 4, 10, 3, 11, 0, 6, 12, 2, 5, 1, 4, 2, 8, 1, 1, 3, 6, 8, 3, 4, 15, 5, 11, 6, 5, 
>> seq 141
4, 1, 13, 2, 4, 0, 9, 11, 14, 4, 10, 0, 15, 2, 4, 4, 0, 9, 0, 11, 0, 8, 14, 4, 13, 1, 4, 6, 0, 6, 2, 11, 3, 2, 0, 14, 1, 3, 8, 8, 2, 9, 8, 5, 6, 9, 7, 6, 11, 1, 12, 15, 3, 6, 10, 2, 14, 6, 12, 12, 10, 2, 1, 2, 5, 14, 9, 2, 0, 12, 15, 6, 10, 2, 6, 7, 3, 14, 11, 4, 9, 8, 4, 4, 1, 14, 0, 7, 4, 0, 5, 5, 4, 14, 4, 5, 4, 13, 11, 4, 11, 8, 15, 4, 10, 8, 11, 0, 6, 12, 2, 5, 1, 4, 2, 8, 1, 1, 3, 6, 8, 3, 4, 15, 5, 11, 6, 5, 
>> seq 142
4, 1, 13, 2, 4, 0, 9, 11, 14, 4, 10, 0, 15, 2, 4, 4, 0, 9, 0, 11, 0, 8, 14, 4, 13, 1, 4, 6, 0, 6, 2, 11, 3, 2, 0, 14, 1, 3, 8, 8, 2, 9, 8, 5, 6, 9, 7, 6, 11, 1, 12, 15, 3, 6, 10, 2, 14, 6, 12, 12, 10, 2, 1, 2, 5, 14, 9, 2, 0, 12, 15, 6, 10, 2, 6, 7, 3, 14, 11, 4, 9, 8, 4, 4, 1, 14, 0, 7, 4, 0, 5, 5, 4, 14, 4, 5, 4, 13, 11, 5, 11, 8, 15, 4, 10, 8, 11, 0, 6, 12, 2, 5, 1, 4, 2, 8, 1, 1, 3, 6, 8, 3, 4, 15, 5, 11, 6, 5, 
>> seq 143
4, 1, 13, 2, 4, 0, 9, 11, 14, 4, 10, 0, 15, 2, 4, 4, 0, 9, 0, 11, 0, 8, 14, 4, 13, 1, 4, 6, 0, 6, 2, 11, 3, 2, 0, 14, 1, 3, 8, 8, 2, 9, 8, 5, 6, 9, 7, 6, 11, 1, 12, 15, 3, 6, 10, 2, 14, 6, 12, 12, 10, 2, 1, 2, 5, 14, 9, 2, 0, 12, 15, 6, 10, 2, 6, 7, 3, 14, 11, 4, 9, 8, 4, 4, 1, 14, 0, 7, 4, 0, 5, 5, 4, 14, 4, 5, 4, 13, 11, 4, 11, 8, 15, 4, 10, 8, 11, 0, 6, 12, 2, 5, 1, 4, 2, 8, 1, 1, 3, 6, 8, 3, 4, 14, 5, 11, 6, 5, 
>> seq 144
4, 1, 13, 2, 4, 0, 9, 11, 14, 4, 10, 0, 15, 2, 4, 4, 0, 9, 0, 11, 0, 8, 14, 7, 13, 1, 4, 6, 0, 6, 2, 11, 3, 2, 0, 14, 1, 3, 8, 8, 2, 9, 8, 5, 6, 9, 7, 6, 11, 1, 12, 15, 3, 6, 10, 2, 14, 6, 12, 12, 10, 2, 1, 2, 5, 14, 9, 2, 0, 12, 13, 6, 10, 2, 6, 7, 3, 14, 11, 4, 9, 8, 4, 4, 1, 14, 0, 7, 4, 0, 5, 5, 4, 14, 4, 5, 4, 13, 11, 5, 11, 8, 15, 4, 10, 8, 11, 0, 6, 12, 2, 5, 1, 4, 2, 8, 1, 1, 3, 6, 8, 3, 4, 14, 5, 11, 6, 5, 
>> seq 145
4, 1, 13, 2, 4, 0, 9, 11, 14, 4, 10, 0, 15, 2, 4, 4, 0, 9, 0, 11, 0, 8, 14, 4, 13, 1, 4, 6, 0, 5, 2, 11, 3, 2, 0, 14, 1, 3, 8, 8, 2, 9, 8, 5, 6, 9, 7, 6, 11, 1, 12, 15, 3, 6, 10, 2, 14, 6, 12, 12, 10, 2, 1, 2, 5, 14, 9, 2, 0, 12, 15, 6, 10, 2, 6, 7, 3, 14, 11, 4, 9, 8, 4, 4, 1, 14, 0, 7, 4, 0, 5, 5, 4, 14, 4, 5, 4, 13, 11, 5, 11, 8, 13, 4, 10, 8, 11, 0, 6, 12, 2, 5, 1, 4, 2, 8, 1, 1, 3, 6, 8, 3, 4, 15, 5, 11, 6, 5, 
>> seq 146
4, 1, 13, 2, 4, 0, 9, 11, 14, 4, 10, 0, 15, 2, 4, 4, 0, 9, 0, 11, 0, 8, 12, 4, 13, 1, 4, 6, 0, 5, 2, 11, 3, 2, 0, 14, 1, 3, 8, 8, 2, 9, 8, 5, 6, 9, 7, 6, 11, 1, 12, 15, 3, 6, 10, 2, 14, 6, 12, 12, 10, 2, 1, 2, 5, 14, 9, 2, 0, 12, 15, 6, 10, 2, 6, 7, 3, 14, 13, 4, 9, 8, 4, 4, 1, 14, 0, 7, 4, 0, 5, 5, 4, 14, 4, 5, 4, 13, 11, 5, 11, 8, 13, 4, 10, 3, 11, 0, 6, 12, 2, 5, 1, 4, 2, 8, 1, 1, 3, 6, 8, 3, 4, 15, 5, 11, 6, 5, 
>> seq 147
4, 1, 13, 2, 4, 0, 9, 11, 14, 4, 10, 0, 15, 2, 4, 4, 0, 9, 0, 11, 0, 8, 14, 7, 13, 1, 4, 6, 0, 5, 2, 11, 3, 2, 0, 14, 1, 3, 8, 8, 2, 9, 8, 5, 6, 9, 7, 6, 11, 1, 12, 15, 3, 6, 10, 2, 14, 6, 12, 12, 10, 2, 1, 2, 5, 14, 9, 2, 0, 12, 13, 6, 10, 2, 6, 7, 3, 14, 11, 4, 9, 8, 4, 4, 1, 14, 0, 7, 4, 0, 5, 5, 4, 14, 4, 5, 4, 13, 11, 5, 11, 8, 13, 4, 10, 8, 11, 0, 6, 12, 2, 5, 1, 4, 2, 8, 1, 1, 3, 6, 8, 3, 4, 15, 5, 11, 6, 5, 
>> seq 148
4, 1, 13, 2, 4, 0, 9, 11, 14, 4, 10, 0, 15, 2, 4, 4, 0, 9, 0, 11, 0, 8, 14, 7, 13, 1, 4, 6, 0, 5, 2, 11, 3, 2, 0, 14, 1, 3, 8, 8, 2, 9, 8, 5, 6, 9, 7, 6, 11, 1, 12, 15, 3, 6, 10, 2, 14, 6, 12, 12, 10, 2, 1, 2, 5, 14, 9, 2, 0, 12, 13, 6, 10, 2, 6, 7, 3, 14, 11, 4, 9, 8, 4, 4, 1, 14, 0, 7, 4, 0, 5, 5, 4, 14, 4, 5, 4, 13, 11, 5, 11, 8, 13, 4, 10, 8, 11, 0, 6, 12, 2, 5, 1, 4, 2, 8, 1, 1, 3, 6, 8, 3, 4, 15, 5, 11, 6, 5, 
>> seq 149
4, 1, 13, 2, 4, 0, 9, 11, 14, 4, 10, 0, 15, 2, 4, 4, 0, 9, 0, 11, 0, 8, 14, 7, 13, 1, 4, 6, 0, 6, 2, 11, 3, 2, 0, 14, 1, 3, 8, 8, 2, 9, 8, 5, 6, 9, 7, 6, 11, 1, 12, 15, 3, 6, 10, 2, 14, 6, 12, 12, 10, 2, 1, 2, 5, 14, 9, 2, 0, 12, 13, 6, 10, 2, 6, 7, 3, 14, 11, 4, 9, 8, 4, 4, 1, 14, 0, 7, 4, 0, 5, 5, 4, 14, 4, 5, 4, 13, 11, 5, 11, 8, 13, 4, 10, 8, 11, 0, 6, 12, 2, 5, 1, 4, 2, 8, 1, 1, 3, 6, 8, 3, 4, 15, 5, 11, 6, 5, 
>> seq 150
4, 1, 13, 2, 4, 0, 9, 11, 10, 4, 10, 0, 15, 2, 4, 4, 0, 9, 0, 11, 0, 8, 12, 7, 13, 1, 4, 6, 0, 5, 2, 11, 3, 2, 0, 14, 1, 3, 8, 8, 2, 9, 8, 5, 6, 9, 7, 6, 11, 1, 12, 15, 3, 6, 10, 2, 14, 6, 12, 12, 10, 2, 1, 2, 5, 14, 9, 2, 0, 12, 13, 6, 10, 2, 6, 7, 3, 10, 13, 4, 9, 8, 4, 4, 1, 14, 0, 5, 4, 0, 5, 5, 4, 14, 4, 5, 4, 13, 11, 5, 11, 8, 13, 4, 10, 3, 11, 0, 6, 12, 2, 5, 1, 4, 2, 8, 1, 1, 3, 6, 8, 3, 4, 15, 5, 11, 6, 5, 
>> seq 151
4, 1, 13, 2, 4, 0, 9, 11, 10, 4, 10, 0, 15, 2, 4, 4, 0, 9, 0, 11, 0, 8, 14, 7, 13, 1, 4, 6, 0, 5, 2, 11, 3, 2, 0, 14, 1, 3, 8, 8, 2, 9, 8, 5, 6, 9, 7, 6, 11, 1, 12, 15, 3, 6, 10, 2, 14, 6, 12, 12, 10, 2, 1, 2, 5, 14, 9, 2, 0, 12, 13, 6, 10, 2, 6, 7, 3, 10, 11, 4, 9, 8, 4, 4, 1, 14, 0, 7, 4, 0, 5, 5, 4, 14, 4, 5, 4, 13, 11, 5, 11, 8, 13, 4, 10, 8, 11, 0, 6, 12, 2, 5, 1, 4, 2, 8, 1, 1, 3, 6, 8, 3, 4, 15, 5, 11, 6, 5, 
>> seq 152
4, 1, 13, 2, 4, 0, 9, 11, 14, 4, 10, 0, 15, 2, 4, 4, 0, 9, 0, 11, 0, 8, 14, 7, 13, 1, 4, 6, 0, 5, 2, 11, 3, 2, 0, 14, 1, 3, 8, 8, 2, 9, 8, 5, 6, 9, 7, 6, 11, 1, 12, 15, 3, 6, 10, 2, 14, 6, 12, 12, 10, 2, 1, 2, 5, 14, 9, 2, 0, 12, 13, 6, 10, 2, 6, 7, 3, 14, 11, 4, 9, 8, 4, 4, 1, 14, 0, 7, 4, 0, 5, 5, 4, 14, 4, 5, 4, 13, 11, 5, 11, 8, 13, 4, 10, 8, 11, 0, 6, 12, 2, 5, 1, 4, 2, 8, 1, 1, 3, 6, 8, 3, 4, 15, 5, 11, 6, 5, 
>> seq 153
4, 1, 13, 2, 4, 0, 9, 11, 14, 4, 10, 0, 15, 2, 4, 4, 0, 9, 0, 11, 0, 8, 14, 7, 13, 1, 4, 6, 0, 5, 2, 11, 3, 2, 0, 14, 1, 3, 8, 8, 2, 9, 8, 5, 6, 9, 7, 6, 11, 1, 12, 15, 3, 6, 10, 2, 14, 6, 12, 12, 10, 2, 1, 2, 5, 14, 9, 2, 0, 12, 13, 6, 10, 2, 6, 7, 3, 14, 11, 4, 9, 8, 4, 4, 1, 14, 0, 7, 4, 0, 5, 5, 4, 14, 4, 5, 4, 13, 11, 5, 11, 8, 13, 4, 10, 8, 11, 0, 6, 12, 2, 5, 1, 4, 2, 8, 1, 1, 3, 6, 8, 3, 4, 15, 5, 11, 6, 5, 
>> seq 154
4, 1, 13, 2, 4, 0, 9, 11, 14, 4, 10, 0, 15, 2, 4, 4, 0, 9, 0, 11, 0, 8, 12, 4, 13, 1, 4, 6, 0, 6, 2, 11, 3, 2, 0, 14, 1, 3, 8, 8, 2, 9, 8, 5, 6, 9, 7, 6, 11, 1, 12, 15, 3, 6, 10, 2, 14, 6, 12, 12, 10, 2, 1, 2, 5, 14, 9, 2, 0, 12, 15, 6, 10, 2, 6, 7, 3, 14, 13, 4, 9, 8, 4, 4, 1, 14, 0, 7, 4, 0, 5, 5, 4, 14, 4, 5, 4, 13, 11, 5, 11, 8, 13, 4, 14, 3, 11, 0, 6, 12, 2, 5, 1, 4, 2, 8, 1, 1, 3, 6, 8, 3, 4, 15, 5, 11, 6, 5, 
>> seq 155
4, 1, 13, 2, 4, 0, 9, 11, 14, 4, 10, 0, 15, 2, 4, 4, 0, 9, 0, 11, 0, 8, 12, 4, 13, 1, 4, 6, 0, 6, 2, 11, 3, 2, 0, 14, 1, 3, 8, 8, 2, 9, 8, 5, 6, 9, 7, 6, 11, 1, 12, 15, 3, 6, 10, 2, 14, 6, 12, 12, 10, 2, 1, 2, 5, 14, 9, 2, 0, 12, 15, 6, 10, 2, 6, 7, 3, 14, 13, 4, 9, 8, 4, 4, 1, 14, 0, 7, 4, 0, 5, 5, 4, 14, 4, 5, 4, 13, 11, 5, 11, 8, 13, 4, 10, 3, 11, 0, 6, 12, 2, 5, 1, 4, 2, 8, 1, 1, 3, 6, 8, 3, 4, 15, 5, 11, 6, 5, 
>> seq 156
4, 1, 13, 2, 4, 0, 9, 11, 14, 4, 10, 0, 15, 2, 4, 4, 0, 9, 0, 11, 0, 8, 12, 4, 13, 1, 4, 6, 0, 6, 2, 11, 3, 2, 0, 14, 1, 3, 8, 8, 2, 9, 8, 5, 6, 9, 7, 6, 11, 1, 12, 15, 3, 6, 10, 2, 14, 6, 12, 12, 10, 2, 1, 2, 5, 14, 9, 2, 0, 12, 13, 6, 10, 2, 6, 7, 3, 14, 13, 4, 9, 8, 4, 4, 1, 14, 0, 7, 4, 0, 5, 5, 4, 14, 4, 5, 4, 13, 11, 5, 11, 8, 13, 4, 10, 3, 11, 0, 6, 12, 2, 5, 1, 4, 2, 8, 1, 1, 3, 6, 8, 3, 4, 15, 5, 11, 6, 5, 
>> seq 157
4, 1, 13, 2, 4, 0, 9, 11, 14, 4, 10, 0, 15, 2, 4, 4, 0, 9, 0, 11, 0, 8, 14, 4, 13, 1, 4, 6, 0, 5, 2, 11, 3, 2, 0, 14, 1, 3, 8, 8, 2, 9, 8, 5, 6, 9, 7, 6, 11, 1, 12, 15, 3, 6, 10, 2, 14, 6, 12, 12, 10, 2, 1, 2, 5, 14, 9, 2, 0, 12, 13, 6, 10, 2, 6, 7, 3, 14, 11, 4, 9, 8, 4, 4, 1, 14, 0, 7, 4, 0, 5, 5, 4, 14, 4, 5, 4, 13, 11, 5, 11, 8, 13, 4, 10, 8, 11, 0, 6, 12, 2, 5, 1, 4, 2, 8, 1, 1, 3, 6, 8, 3, 4, 15, 5, 11, 6, 5, 
>> seq 158
4, 1, 13, 2, 4, 0, 9, 11, 14, 4, 10, 0, 15, 2, 4, 4, 0, 9, 0, 11, 0, 8, 12, 4, 13, 1, 4, 6, 0, 6, 2, 11, 3, 2, 0, 14, 1, 3, 8, 8, 2, 9, 8, 5, 6, 9, 7, 6, 11, 1, 12, 15, 3, 6, 10, 2, 14, 6, 12, 12, 10, 2, 1, 2, 5, 14, 9, 2, 0, 12, 15, 6, 10, 2, 6, 7, 3, 14, 13, 4, 9, 8, 4, 4, 1, 14, 0, 7, 4, 0, 5, 5, 4, 14, 4, 5, 4, 13, 11, 5, 11, 8, 13, 4, 14, 3, 11, 0, 6, 12, 2, 5, 1, 4, 2, 8, 1, 1, 3, 6, 8, 3, 4, 15, 5, 11, 6, 5, 
>> seq 159
4, 1, 13, 2, 4, 0, 9, 11, 14, 4, 10, 0, 15, 2, 4, 4, 0, 9, 0, 11, 0, 8, 12, 4, 13, 1, 4, 6, 0, 6, 2, 11, 3, 2, 0, 14, 1, 3, 8, 8, 2, 9, 8, 5, 6, 9, 7, 6, 11, 1, 12, 15, 3, 6, 10, 2, 14, 6, 12, 12, 10, 2, 1, 2, 5, 14, 9, 2, 0, 12, 15, 6, 10, 2, 6, 7, 3, 14, 12, 4, 9, 8, 4, 4, 1, 14, 0, 7, 4, 0, 5, 5, 4, 14, 4, 5, 4, 13, 11, 5, 11, 8, 15, 4, 14, 3, 11, 0, 6, 12, 2, 5, 1, 4, 2, 8, 1, 1, 3, 6, 8, 3, 4, 15, 5, 11, 6, 5, 
>> seq 160
4, 1, 13, 2, 4, 0, 9, 11, 14, 4, 10, 0, 15, 2, 4, 4, 0, 9, 0, 11, 0, 8, 14, 4, 13, 1, 4, 6, 0, 5, 2, 11, 3, 2, 0, 14, 1, 3, 8, 8, 2, 9, 8, 5, 6, 9, 7, 6, 11, 1, 12, 15, 3, 6, 10, 2, 14, 6, 12, 12, 10, 2, 1, 2, 5, 14, 9, 2, 0, 12, 13, 6, 10, 2, 6, 7, 3, 14, 11, 4, 9, 8, 4, 4, 1, 14, 0, 7, 4, 0, 5, 5, 4, 14, 4, 5, 4, 13, 11, 5, 11, 8, 13, 4, 10, 8, 11, 0, 6, 12, 2, 5, 1, 4, 2, 8, 1, 1, 3, 6, 8, 3, 4, 15, 5, 11, 6, 5, 
>> seq 161
4, 1, 13, 2, 4, 0, 9, 11, 14, 4, 10, 0, 15, 2, 4, 4, 0, 9, 0, 11, 0, 8, 12, 4, 13, 1, 4, 6, 0, 5, 2, 11, 3, 2, 0, 14, 1, 3, 8, 8, 2, 9, 8, 5, 6, 9, 7, 6, 11, 1, 12, 15, 3, 6, 10, 2, 14, 6, 12, 12, 10, 2, 1, 2, 5, 14, 9, 2, 0, 12, 13, 6, 10, 2, 6, 7, 3, 14, 13, 4, 9, 8, 4, 4, 1, 14, 0, 7, 4, 0, 5, 5, 4, 14, 4, 5, 4, 13, 11, 5, 11, 8, 13, 4, 10, 3, 11, 0, 6, 12, 2, 5, 1, 4, 2, 8, 1, 1, 3, 6, 8, 3, 4, 15, 5, 11, 6, 5, 
>> seq 162
4, 1, 13, 2, 4, 0, 9, 11, 10, 4, 10, 0, 15, 2, 4, 4, 0, 9, 0, 11, 0, 8, 12, 4, 13, 1, 4, 6, 0, 5, 2, 11, 3, 2, 0, 14, 1, 3, 8, 8, 2, 9, 8, 5, 6, 9, 7, 6, 11, 1, 12, 15, 3, 6, 10, 2, 14, 6, 12, 12, 10, 2, 1, 2, 5, 14, 9, 2, 0, 12, 13, 6, 10, 2, 6, 7, 3, 10, 13, 4, 9, 8, 4, 4, 1, 14, 0, 7, 4, 0, 5, 5, 4, 14, 4, 5, 4, 13, 11, 5, 11, 8, 13, 4, 10, 3, 11, 0, 6, 12, 2, 5, 1, 4, 2, 8, 1, 1, 3, 6, 8, 3, 4, 15, 5, 11, 6, 5, 
>> seq 163
4, 1, 13, 2, 4, 0, 9, 11, 10, 4, 10, 0, 15, 2, 4, 4, 0, 9, 0, 11, 0, 8, 12, 4, 13, 1, 4, 6, 0, 5, 2, 11, 3, 2, 0, 14, 1, 3, 8, 8, 2, 9, 8, 5, 6, 9, 7, 6, 11, 1, 12, 15, 3, 6, 10, 2, 14, 6, 12, 12, 10, 2, 1, 2, 5, 14, 9, 2, 0, 12, 13, 6, 10, 2, 6, 7, 3, 10, 13, 4, 9, 8, 4, 4, 1, 14, 0, 7, 4, 0, 5, 5, 4, 14, 4, 5, 4, 13, 11, 5, 11, 8, 13, 4, 10, 3, 11, 0, 6, 12, 2, 5, 1, 4, 2, 8, 1, 1, 3, 6, 8, 3, 4, 15, 5, 11, 6, 5, 
>> seq 164
4, 1, 13, 2, 4, 0, 9, 11, 14, 4, 10, 0, 15, 2, 4, 4, 0, 9, 0, 11, 0, 8, 14, 4, 13, 1, 4, 6, 0, 6, 2, 11, 3, 2, 0, 14, 1, 3, 8, 8, 2, 9, 8, 5, 6, 9, 7, 6, 11, 1, 12, 15, 3, 6, 10, 2, 14, 6, 12, 12, 10, 2, 1, 2, 5, 14, 9, 2, 0, 12, 13, 6, 10, 2, 6, 7, 3, 14, 11, 4, 9, 8, 4, 4, 1, 14, 0, 7, 4, 0, 5, 5, 4, 14, 4, 5, 4, 13, 11, 5, 11, 8, 15, 4, 10, 8, 11, 0, 6, 12, 2, 5, 1, 4, 2, 8, 1, 1, 3, 6, 8, 3, 4, 15, 5, 11, 6, 5, 
>> seq 165
4, 1, 13, 2, 4, 0, 9, 11, 14, 4, 10, 0, 15, 2, 4, 4, 0, 9, 0, 11, 0, 8, 14, 7, 13, 1, 4, 6, 0, 6, 2, 11, 3, 2, 0, 14, 1, 3, 8, 8, 2, 9, 8, 5, 6, 9, 7, 6, 11, 1, 12, 15, 3, 6, 10, 2, 14, 6, 12, 12, 10, 2, 1, 2, 5, 14, 9, 2, 0, 12, 15, 6, 10, 2, 6, 7, 3, 14, 11, 4, 9, 8, 4, 4, 1, 14, 0, 7, 4, 0, 5, 5, 4, 14, 4, 5, 4, 13, 11, 5, 11, 8, 15, 4, 10, 8, 11, 0, 6, 12, 2, 5, 1, 4, 2, 8, 1, 1, 3, 6, 8, 3, 4, 15, 5, 11, 6, 5, 
>> seq 166
4, 1, 13, 2, 4, 0, 9, 11, 14, 4, 10, 0, 15, 2, 4, 4, 0, 9, 0, 11, 0, 8, 14, 7, 13, 1, 4, 6, 0, 6, 2, 11, 3, 2, 0, 14, 1, 3, 8, 8, 2, 9, 8, 5, 6, 9, 7, 6, 11, 1, 12, 15, 3, 6, 10, 2, 14, 6, 12, 12, 10, 2, 1, 2, 5, 14, 9, 2, 0, 12, 15, 6, 10, 2, 6, 7, 3, 14, 11, 4, 9, 8, 4, 4, 1, 14, 0, 7, 4, 0, 5, 5, 4, 14, 4, 5, 4, 13, 11, 4, 11, 8, 15, 4, 14, 8, 11, 0, 6, 12, 2, 5, 1, 4, 2, 8, 1, 1, 3, 6, 8, 3, 4, 14, 5, 11, 6, 5, 
>> seq 167
4, 1, 13, 2, 4, 0, 9, 11, 14, 4, 10, 0, 15, 2, 4, 4, 0, 9, 0, 11, 2, 8, 14, 7, 13, 1, 4, 6, 0, 6, 2, 11, 3, 2, 0, 14, 1, 3, 8, 8, 2, 9, 8, 5, 6, 9, 7, 6, 11, 1, 12, 15, 3, 6, 10, 2, 14, 6, 12, 12, 10, 2, 1, 2, 5, 14, 9, 2, 0, 12, 15, 6, 10, 2, 6, 7, 3, 14, 11, 4, 9, 8, 4, 4, 1, 14, 0, 7, 4, 0, 5, 5, 4, 14, 4, 5, 4, 13, 11, 5, 11, 8, 15, 4, 14, 8, 11, 0, 6, 12, 2, 5, 1, 4, 2, 8, 1, 1, 3, 6, 8, 3, 4, 14, 5, 11, 6, 5, 
>> seq 168
4, 1, 13, 2, 4, 0, 9, 11, 14, 4, 10, 0, 15, 2, 4, 4, 0, 9, 0, 11, 2, 8, 14, 7, 13, 1, 4, 6, 0, 6, 2, 11, 3, 2, 0, 14, 1, 3, 8, 8, 2, 9, 8, 5, 6, 9, 7, 6, 11, 1, 12, 15, 3, 6, 10, 2, 14, 6, 12, 12, 10, 2, 1, 2, 5, 14, 9, 2, 0, 12, 15, 6, 10, 2, 6, 7, 3, 14, 11, 4, 9, 8, 4, 4, 1, 14, 0, 7, 4, 0, 5, 5, 4, 14, 4, 5, 4, 13, 11, 4, 11, 8, 15, 4, 14, 8, 11, 0, 6, 12, 2, 5, 1, 4, 2, 8, 1, 1, 3, 6, 8, 3, 4, 14, 5, 11, 6, 5, 
>> seq 169
4, 1, 13, 2, 4, 0, 9, 11, 14, 4, 10, 0, 15, 2, 4, 4, 0, 9, 0, 11, 2, 8, 14, 7, 13, 1, 4, 6, 0, 6, 2, 11, 3, 2, 0, 14, 1, 3, 8, 8, 2, 9, 8, 5, 6, 9, 7, 6, 11, 1, 12, 15, 3, 6, 10, 2, 14, 6, 12, 12, 10, 2, 1, 2, 5, 14, 9, 2, 0, 12, 15, 6, 10, 2, 6, 7, 3, 14, 11, 4, 9, 8, 4, 4, 1, 14, 0, 7, 4, 0, 5, 5, 4, 14, 4, 5, 4, 13, 11, 5, 11, 8, 15, 4, 14, 8, 11, 0, 6, 12, 2, 5, 1, 4, 2, 8, 1, 1, 3, 6, 8, 3, 4, 14, 5, 11, 6, 5, 
>> seq 170
4, 1, 13, 2, 4, 0, 9, 11, 14, 4, 10, 0, 15, 2, 4, 4, 0, 9, 0, 11, 2, 8, 14, 7, 13, 1, 4, 6, 0, 6, 2, 11, 3, 2, 0, 14, 1, 3, 8, 8, 2, 9, 8, 5, 6, 9, 7, 6, 11, 1, 12, 15, 3, 6, 10, 2, 14, 6, 12, 12, 10, 2, 1, 2, 5, 14, 9, 2, 0, 12, 15, 6, 10, 2, 6, 7, 3, 14, 11, 4, 9, 8, 4, 4, 1, 14, 0, 7, 4, 0, 5, 5, 4, 14, 4, 5, 4, 13, 11, 5, 11, 8, 13, 4, 14, 8, 11, 0, 6, 12, 2, 5, 1, 4, 2, 8, 1, 1, 3, 6, 8, 3, 4, 14, 5, 11, 6, 5, 
>> seq 171
4, 1, 13, 2, 4, 0, 9, 11, 14, 4, 10, 0, 15, 2, 4, 4, 0, 9, 0, 11, 2, 8, 14, 7, 13, 1, 4, 6, 0, 5, 2, 11, 3, 2, 0, 14, 1, 3, 8, 8, 2, 9, 8, 5, 6, 9, 7, 6, 11, 1, 12, 15, 3, 6, 10, 2, 14, 6, 12, 12, 10, 2, 1, 2, 5, 14, 9, 2, 0, 12, 15, 6, 10, 2, 6, 7, 3, 14, 11, 4, 9, 8, 4, 4, 1, 14, 0, 7, 4, 0, 5, 5, 4, 14, 4, 5, 4, 13, 11, 5, 11, 8, 13, 4, 14, 8, 11, 0, 6, 12, 2, 5, 1, 4, 2, 8, 1, 1, 3, 6, 8, 14, 4, 14, 5, 11, 6, 5, 
>> seq 172
4, 1, 13, 2, 4, 0, 9, 11, 14, 4, 10, 0, 15, 2, 4, 4, 0, 9, 0, 11, 2, 8, 14, 7, 13, 1, 4, 6, 0, 5, 2, 11, 3, 2, 0, 14, 1, 3, 8, 8, 2, 9, 8, 5, 6, 9, 7, 6, 11, 1, 12, 15, 3, 6, 10, 2, 14, 6, 12, 12, 10, 2, 1, 2, 5, 14, 9, 2, 0, 12, 15, 6, 10, 2, 6, 7, 3, 14, 11, 4, 9, 8, 4, 4, 1, 14, 0, 7, 4, 0, 5, 5, 4, 14, 4, 5, 4, 13, 11, 5, 11, 8, 13, 4, 14, 8, 11, 0, 6, 12, 2, 5, 1, 4, 2, 8, 1, 1, 3, 6, 8, 14, 4, 14, 5, 11, 6, 5, 
>> seq 173
4, 1, 13, 2, 4, 0, 9, 11, 14, 4, 10, 0, 15, 2, 4, 4, 0, 9, 0, 11, 2, 8, 14, 7, 13, 1, 4, 6, 0, 6, 2, 11, 3, 2, 0, 14, 1, 3, 8, 8, 2, 9, 8, 5, 6, 9, 7, 6, 11, 1, 12, 15, 3, 6, 10, 2, 14, 6, 12, 12, 10, 2, 1, 2, 5, 14, 9, 2, 0, 12, 15, 6, 10, 2, 6, 7, 3, 14, 11, 4, 9, 8, 4, 4, 1, 14, 0, 7, 4, 0, 5, 5, 4, 14, 4, 5, 4, 13, 11, 5, 11, 8, 13, 4, 14, 8, 11, 0, 6, 12, 2, 5, 1, 4, 2, 8, 1, 1, 3, 6, 8, 14, 4, 14, 5, 11, 6, 5, 
>> seq 174
4, 1, 13, 2, 4, 0, 9, 11, 14, 4, 10, 0, 15, 2, 4, 4, 0, 9, 0, 11, 2, 8, 14, 7, 13, 1, 4, 6, 0, 6, 2, 11, 3, 2, 0, 14, 1, 3, 8, 8, 2, 9, 8, 5, 6, 9, 7, 6, 11, 1, 12, 15, 3, 6, 10, 2, 14, 6, 12, 12, 10, 2, 1, 2, 5, 14, 9, 2, 0, 12, 15, 6, 10, 2, 6, 7, 3, 14, 11, 4, 9, 8, 4, 4, 1, 14, 0, 7, 4, 0, 5, 5, 4, 14, 4, 5, 4, 13, 11, 5, 11, 8, 13, 4, 14, 8, 11, 0, 6, 12, 2, 5, 1, 4, 2, 8, 1, 1, 3, 6, 8, 14, 4, 14, 5, 11, 6, 5, 
>> seq 175
4, 1, 13, 2, 4, 0, 9, 11, 14, 4, 10, 0, 15, 2, 4, 4, 0, 9, 0, 11, 2, 8, 14, 7, 13, 1, 4, 6, 0, 5, 2, 11, 12, 2, 0, 14, 5, 3, 8, 8, 2, 9, 8, 5, 6, 9, 7, 6, 11, 1, 12, 15, 3, 6, 10, 2, 14, 6, 12, 14, 10, 2, 1, 2, 5, 14, 9, 2, 0, 12, 15, 6, 10, 2, 6, 7, 3, 14, 11, 4, 9, 8, 4, 4, 1, 14, 0, 7, 4, 0, 5, 5, 4, 14, 4, 5, 4, 13, 11, 5, 11, 8, 13, 4, 14, 8, 11, 0, 6, 12, 2, 5, 1, 4, 2, 8, 1, 1, 3, 6, 8, 14, 4, 14, 5, 11, 6, 5, 
>> seq 176
4, 1, 13, 2, 4, 0, 9, 11, 14, 4, 10, 0, 15, 2, 4, 4, 0, 9, 0, 11, 2, 8, 14, 7, 13, 1, 4, 6, 0, 5, 2, 11, 12, 2, 0, 14, 5, 3, 8, 8, 2, 9, 8, 5, 6, 9, 7, 6, 11, 1, 12, 15, 3, 6, 10, 2, 14, 6, 12, 14, 10, 2, 1, 2, 5, 14, 9, 2, 0, 12, 15, 6, 10, 2, 6, 7, 3, 14, 11, 4, 9, 8, 4, 4, 1, 14, 0, 7, 4, 0, 5, 5, 4, 14, 4, 5, 4, 13, 11, 5, 11, 8, 13, 4, 14, 8, 11, 0, 6, 12, 2, 5, 1, 4, 2, 8, 1, 1, 3, 6, 8, 14, 4, 14, 5, 11, 6, 5, 
>> seq 177
4, 1, 13, 2, 4, 0, 9, 11, 14, 4, 10, 0, 15, 2, 4, 4, 0, 9, 0, 11, 2, 8, 14, 7, 13, 1, 4, 6, 0, 5, 2, 11, 12, 2, 0, 14, 1, 3, 8, 8, 2, 9, 8, 5, 6, 9, 7, 6, 11, 1, 12, 15, 3, 6, 10, 2, 14, 6, 12, 12, 10, 2, 1, 2, 5, 14, 9, 2, 0, 12, 15, 6, 10, 2, 6, 7, 3, 14, 11, 4, 9, 8, 4, 4, 1, 14, 0, 7, 4, 0, 5, 5, 4, 14, 4, 5, 4, 13, 11, 5, 11, 8, 13, 4, 14, 8, 11, 0, 6, 12, 2, 5, 1, 4, 2, 8, 1, 1, 3, 6, 8, 14, 4, 14, 5, 11, 6, 5, 
>> seq 178
4, 1, 13, 2, 4, 0, 9, 11, 14, 4, 10, 0, 15, 2, 4, 4, 0, 9, 0, 11, 2, 8, 14, 7, 13, 1, 4, 6, 0, 5, 2, 11, 12, 2, 0, 14, 1, 3, 8, 8, 2, 9, 8, 5, 6, 9, 7, 6, 11, 1, 12, 15, 3, 6, 10, 2, 14, 6, 12, 12, 10, 2, 1, 2, 5, 14, 9, 2, 0, 12, 15, 6, 10, 2, 6, 7, 3, 14, 11, 4, 9, 8, 4, 4, 1, 14, 0, 7, 4, 0, 5, 5, 4, 14, 4, 5, 4, 13, 11, 5, 11, 8, 13, 4, 10, 8, 11, 0, 6, 12, 2, 5, 1, 4, 2, 8, 1, 1, 3, 6, 8, 14, 4, 14, 5, 11, 6, 5, 
>> seq 179
4, 1, 13, 2, 4, 0, 9, 11, 14, 4, 10, 0, 15, 2, 4, 4, 0, 9, 0, 11, 2, 8, 14, 7, 13, 1, 4, 6, 8, 5, 2, 11, 12, 2, 0, 14, 5, 3, 8, 9, 2, 9, 8, 5, 6, 9, 7, 6, 11, 1, 12, 15, 3, 6, 10, 2, 14, 6, 12, 14, 10, 2, 1, 2, 5, 14, 9, 2, 0, 12, 13, 6, 10, 2, 6, 7, 14, 14, 11, 4, 9, 8, 4, 6, 1, 14, 0, 5, 4, 0, 5, 5, 9, 14, 4, 5, 4, 13, 11, 5, 11, 8, 13, 4, 10, 8, 11, 0, 6, 12, 2, 5, 1, 4, 2, 8, 1, 1, 3, 6, 8, 14, 4, 14, 5, 11, 6, 5, 
>> seq 180
4, 1, 13, 2, 4, 0, 9, 11, 10, 4, 10, 0, 15, 2, 4, 4, 0, 9, 0, 11, 2, 8, 14, 7, 13, 1, 4, 6, 8, 5, 2, 11, 12, 2, 0, 14, 5, 3, 8, 9, 2, 9, 8, 5, 6, 9, 7, 6, 11, 1, 12, 15, 3, 6, 10, 2, 14, 6, 12, 14, 10, 2, 1, 2, 5, 14, 9, 2, 0, 12, 13, 6, 10, 2, 6, 7, 14, 10, 11, 4, 9, 8, 4, 6, 1, 14, 0, 5, 4, 0, 5, 5, 9, 14, 4, 5, 4, 13, 11, 5, 11, 8, 13, 4, 10, 8, 11, 0, 6, 12, 2, 5, 1, 4, 2, 8, 1, 1, 3, 6, 8, 14, 4, 14, 5, 11, 6, 5, 
>> seq 181
4, 1, 13, 2, 4, 0, 9, 11, 10, 4, 10, 0, 15, 2, 4, 4, 0, 9, 0, 11, 2, 8, 14, 7, 13, 1, 4, 6, 8, 5, 2, 11, 12, 2, 0, 14, 5, 3, 8, 8, 2, 9, 8, 5, 6, 9, 7, 6, 11, 1, 12, 15, 3, 6, 10, 2, 14, 6, 12, 14, 10, 2, 1, 2, 5, 14, 9, 2, 0, 12, 13, 6, 10, 2, 6, 7, 3, 10, 11, 4, 9, 8, 4, 6, 1, 14, 0, 7, 4, 0, 5, 5, 9, 14, 4, 5, 4, 13, 11, 5, 11, 8, 13, 4, 10, 8, 11, 0, 6, 12, 2, 5, 1, 4, 2, 8, 1, 1, 3, 6, 8, 14, 4, 14, 5, 11, 6, 5, 
>> seq 182
4, 1, 7, 2, 4, 0, 9, 11, 10, 4, 10, 0, 15, 2, 4, 4, 0, 9, 0, 11, 1, 8, 14, 5, 13, 1, 4, 6, 8, 5, 2, 11, 12, 2, 0, 14, 1, 3, 8, 8, 2, 9, 8, 5, 6, 9, 7, 6, 11, 1, 12, 15, 3, 6, 10, 2, 14, 6, 12, 12, 10, 2, 1, 2, 5, 14, 9, 2, 0, 12, 13, 6, 10, 2, 6, 7, 3, 10, 11, 4, 9, 8, 4, 6, 1, 14, 0, 5, 4, 0, 5, 5, 9, 14, 4, 5, 4, 13, 11, 5, 11, 8, 13, 4, 10, 8, 11, 0, 6, 12, 2, 5, 1, 4, 2, 8, 1, 1, 3, 6, 8, 14, 4, 14, 5, 11, 6, 5, 
>> seq 183
4, 1, 7, 2, 4, 0, 9, 11, 10, 4, 10, 0, 15, 2, 4, 4, 0, 9, 0, 11, 1, 8, 14, 5, 13, 1, 4, 6, 8, 5, 2, 11, 3, 2, 0, 14, 1, 3, 8, 8, 2, 9, 8, 5, 6, 9, 7, 6, 11, 1, 12, 15, 3, 6, 10, 2, 14, 6, 12, 12, 10, 2, 1, 2, 5, 14, 9, 2, 0, 7, 13, 6, 10, 2, 6, 7, 3, 10, 11, 4, 9, 8, 4, 6, 1, 14, 0, 5, 4, 0, 5, 5, 9, 14, 4, 5, 4, 13, 11, 5, 11, 8, 13, 5, 10, 8, 11, 0, 6, 12, 2, 5, 1, 4, 2, 8, 1, 1, 3, 6, 8, 14, 4, 14, 5, 11, 6, 5, 
>> seq 184
4, 1, 7, 2, 4, 0, 9, 11, 10, 4, 10, 0, 15, 2, 4, 4, 0, 9, 0, 11, 1, 8, 14, 5, 13, 1, 4, 6, 8, 5, 2, 11, 3, 2, 0, 14, 1, 3, 8, 8, 2, 9, 8, 5, 6, 9, 7, 6, 11, 1, 12, 15, 3, 6, 10, 2, 14, 6, 12, 12, 10, 2, 1, 2, 5, 14, 9, 2, 0, 7, 13, 6, 10, 2, 6, 7, 3, 10, 11, 4, 9, 8, 4, 6, 1, 14, 0, 5, 4, 0, 5, 5, 9, 14, 4, 5, 4, 13, 11, 5, 11, 8, 13, 5, 10, 8, 11, 0, 6, 12, 2, 5, 1, 4, 2, 8, 1, 1, 3, 6, 8, 14, 4, 14, 5, 11, 6, 5, 
>> seq 185
4, 1, 7, 2, 4, 0, 9, 11, 10, 4, 10, 0, 15, 2, 4, 4, 0, 9, 0, 11, 1, 8, 14, 5, 13, 1, 4, 6, 8, 5, 2, 11, 12, 2, 0, 14, 5, 3, 8, 8, 2, 9, 8, 5, 6, 9, 7, 6, 11, 1, 12, 15, 3, 6, 10, 2, 14, 6, 12, 14, 10, 2, 1, 2, 5, 14, 9, 2, 0, 7, 13, 6, 10, 2, 6, 7, 3, 10, 11, 4, 9, 8, 4, 6, 1, 14, 0, 5, 4, 0, 5, 5, 9, 14, 4, 5, 4, 13, 9, 5, 11, 8, 7, 5, 10, 8, 11, 0, 6, 12, 2, 5, 1, 4, 2, 8, 1, 1, 3, 6, 8, 14, 4, 14, 5, 11, 6, 5, 
>> seq 186
4, 1, 7, 2, 4, 0, 9, 11, 10, 4, 10, 0, 15, 2, 4, 4, 0, 9, 0, 11, 1, 8, 14, 5, 13, 1, 5, 6, 0, 5, 2, 11, 12, 2, 0, 14, 5, 3, 8, 6, 2, 9, 8, 5, 6, 9, 7, 6, 11, 1, 12, 15, 3, 6, 10, 2, 14, 6, 12, 14, 10, 2, 1, 2, 5, 14, 9, 2, 0, 7, 13, 6, 10, 2, 6, 7, 3, 10, 11, 4, 9, 8, 4, 4, 1, 14, 0, 5, 4, 0, 5, 5, 4, 9, 4, 5, 4, 13, 9, 5, 11, 8, 7, 5, 10, 8, 11, 0, 6, 12, 2, 5, 1, 4, 2, 8, 1, 1, 3, 5, 8, 14, 4, 14, 5, 11, 6, 5, 
>> seq 187
4, 1, 7, 2, 4, 0, 9, 11, 10, 4, 10, 0, 15, 2, 4, 4, 0, 9, 0, 11, 1, 8, 8, 5, 13, 1, 5, 6, 0, 5, 2, 11, 7, 2, 0, 14, 5, 3, 8, 6, 2, 9, 8, 5, 6, 9, 7, 6, 11, 1, 12, 13, 3, 6, 10, 2, 14, 6, 12, 14, 10, 2, 1, 2, 5, 14, 9, 2, 0, 7, 13, 6, 10, 2, 6, 7, 14, 10, 11, 4, 9, 8, 4, 4, 1, 14, 0, 5, 4, 0, 5, 5, 4, 9, 4, 5, 4, 13, 9, 5, 11, 8, 7, 5, 10, 8, 11, 0, 6, 12, 2, 5, 1, 4, 2, 8, 1, 1, 3, 5, 8, 13, 4, 14, 5, 11, 6, 5, 
>> seq 188
4, 1, 7, 2, 4, 0, 9, 11, 10, 4, 10, 0, 15, 2, 4, 4, 0, 9, 0, 11, 1, 8, 14, 5, 13, 1, 5, 6, 0, 5, 2, 11, 12, 2, 0, 14, 5, 3, 8, 9, 2, 9, 8, 5, 6, 9, 7, 6, 11, 1, 12, 15, 3, 6, 10, 2, 14, 6, 12, 14, 10, 2, 1, 2, 5, 14, 9, 2, 0, 7, 13, 6, 10, 2, 6, 7, 14, 10, 11, 4, 9, 8, 4, 4, 1, 14, 0, 5, 4, 0, 5, 5, 4, 9, 4, 5, 4, 13, 9, 5, 11, 8, 7, 5, 10, 8, 11, 0, 6, 12, 2, 5, 1, 5, 2, 8, 1, 1, 3, 6, 8, 14, 4, 14, 5, 11, 6, 5, 
>> seq 189
4, 1, 7, 2, 4, 0, 9, 11, 10, 4, 10, 0, 15, 2, 4, 4, 0, 9, 0, 11, 1, 8, 14, 5, 13, 1, 5, 6, 0, 5, 2, 11, 12, 2, 0, 14, 5, 3, 8, 6, 2, 9, 8, 5, 6, 9, 7, 6, 11, 1, 12, 15, 3, 6, 10, 2, 14, 6, 12, 14, 10, 2, 1, 2, 5, 14, 9, 2, 0, 7, 13, 6, 10, 2, 6, 7, 14, 10, 11, 4, 9, 8, 4, 4, 1, 14, 0, 5, 4, 0, 5, 5, 4, 9, 4, 5, 4, 13, 9, 5, 11, 8, 7, 5, 10, 8, 11, 0, 6, 12, 2, 5, 1, 4, 2, 8, 1, 1, 3, 5, 8, 14, 4, 14, 5, 11, 6, 5, 
>> seq 190
4, 1, 7, 2, 4, 0, 9, 11, 10, 4, 10, 0, 15, 2, 4, 4, 0, 9, 0, 11, 1, 8, 14, 5, 13, 1, 5, 6, 0, 5, 2, 11, 12, 2, 0, 14, 5, 3, 8, 9, 2, 9, 8, 5, 6, 9, 7, 6, 11, 1, 12, 15, 3, 6, 10, 2, 14, 6, 12, 14, 10, 2, 1, 2, 5, 14, 9, 2, 0, 7, 13, 6, 10, 2, 6, 7, 14, 10, 11, 4, 9, 8, 4, 4, 1, 14, 0, 5, 4, 0, 5, 5, 4, 14, 4, 5, 4, 13, 9, 5, 11, 8, 7, 5, 10, 8, 11, 0, 6, 12, 2, 5, 1, 4, 2, 8, 1, 1, 3, 6, 8, 14, 4, 14, 5, 11, 6, 5, 
>> seq 191
4, 1, 7, 2, 4, 0, 9, 11, 10, 4, 10, 0, 15, 2, 4, 4, 0, 9, 0, 11, 1, 8, 14, 5, 13, 1, 5, 6, 0, 5, 2, 11, 7, 2, 0, 14, 5, 3, 8, 6, 2, 9, 8, 5, 6, 9, 7, 6, 11, 1, 12, 15, 3, 6, 10, 2, 14, 6, 12, 14, 10, 2, 1, 2, 5, 14, 9, 2, 0, 7, 13, 6, 10, 2, 6, 7, 14, 10, 11, 4, 9, 8, 4, 4, 1, 14, 0, 5, 4, 0, 5, 5, 4, 14, 4, 5, 4, 13, 9, 5, 11, 8, 7, 5, 10, 8, 11, 0, 6, 12, 2, 5, 1, 4, 2, 8, 1, 1, 3, 5, 8, 13, 4, 14, 5, 11, 6, 5, 
>> seq 192
4, 1, 7, 2, 4, 0, 9, 11, 10, 4, 10, 0, 15, 2, 4, 4, 0, 9, 0, 11, 1, 8, 14, 5, 13, 1, 5, 6, 0, 5, 2, 11, 12, 2, 0, 14, 5, 3, 8, 6, 2, 9, 8, 5, 6, 9, 7, 6, 11, 1, 12, 15, 3, 6, 10, 2, 14, 6, 12, 14, 10, 2, 1, 2, 5, 14, 9, 2, 0, 7, 13, 6, 10, 2, 6, 7, 14, 10, 11, 4, 9, 8, 4, 4, 1, 14, 0, 5, 4, 0, 5, 5, 4, 14, 4, 5, 4, 13, 9, 5, 11, 8, 7, 5, 10, 8, 11, 0, 6, 12, 2, 5, 1, 4, 2, 8, 1, 1, 3, 5, 8, 14, 4, 14, 5, 11, 6, 5, 
>> seq 193
4, 1, 7, 2, 4, 0, 9, 11, 10, 4, 10, 0, 15, 2, 4, 4, 0, 9, 0, 11, 1, 8, 14, 5, 13, 1, 5, 6, 8, 5, 2, 11, 12, 2, 0, 14, 5, 3, 8, 9, 2, 9, 8, 5, 6, 9, 7, 6, 11, 1, 12, 15, 3, 6, 10, 2, 14, 6, 12, 14, 10, 2, 1, 2, 5, 14, 9, 2, 0, 7, 13, 6, 10, 2, 6, 7, 14, 10, 11, 4, 9, 8, 4, 6, 1, 14, 0, 5, 4, 0, 5, 5, 9, 14, 4, 5, 4, 13, 11, 5, 11, 8, 13, 5, 10, 8, 11, 0, 6, 12, 2, 5, 1, 5, 2, 8, 1, 1, 3, 6, 8, 14, 4, 14, 5, 11, 6, 5, 
>> seq 194
4, 1, 7, 2, 4, 0, 9, 11, 14, 4, 10, 0, 15, 2, 4, 4, 0, 9, 0, 11, 1, 8, 14, 5, 13, 1, 5, 6, 0, 5, 2, 11, 12, 2, 0, 14, 5, 3, 8, 6, 2, 9, 8, 5, 6, 9, 7, 6, 11, 1, 12, 15, 3, 6, 10, 2, 14, 6, 12, 14, 10, 2, 1, 2, 5, 14, 9, 2, 0, 7, 13, 6, 10, 2, 6, 7, 14, 14, 11, 4, 9, 8, 4, 4, 1, 14, 0, 5, 4, 0, 5, 5, 4, 14, 4, 5, 4, 13, 11, 5, 11, 8, 13, 5, 10, 8, 11, 0, 6, 12, 2, 5, 1, 5, 2, 8, 1, 1, 3, 5, 8, 14, 4, 14, 5, 11, 6, 5, 
>> seq 195
4, 1, 7, 2, 4, 0, 9, 11, 10, 4, 10, 0, 15, 2, 4, 4, 0, 9, 0, 11, 1, 8, 14, 5, 13, 1, 5, 6, 8, 5, 2, 11, 7, 2, 0, 14, 5, 3, 8, 6, 2, 9, 8, 5, 6, 9, 7, 6, 11, 1, 12, 15, 3, 6, 10, 2, 14, 6, 12, 14, 10, 2, 1, 2, 5, 14, 9, 2, 0, 7, 13, 6, 10, 2, 6, 7, 14, 10, 11, 4, 9, 8, 4, 6, 1, 14, 0, 5, 4, 0, 5, 5, 9, 14, 4, 5, 4, 13, 9, 5, 11, 8, 7, 5, 10, 8, 11, 0, 6, 12, 2, 5, 1, 4, 2, 8, 1, 1, 3, 5, 8, 13, 4, 14, 5, 11, 6, 5, 
>> seq 196
4, 1, 7, 2, 4, 0, 9, 11, 10, 4, 10, 0, 15, 2, 4, 4, 0, 9, 0, 11, 1, 8, 14, 5, 13, 1, 5, 6, 8, 5, 2, 11, 12, 2, 0, 14, 5, 3, 8, 6, 2, 9, 8, 5, 6, 9, 7, 6, 11, 1, 12, 15, 3, 6, 10, 2, 14, 6, 12, 14, 10, 2, 1, 2, 5, 14, 9, 2, 0, 7, 13, 6, 10, 2, 6, 7, 14, 10, 11, 4, 9, 8, 4, 6, 1, 14, 0, 5, 4, 0, 5, 5, 9, 14, 4, 5, 4, 13, 9, 5, 11, 8, 7, 5, 10, 8, 11, 0, 6, 12, 2, 5, 1, 4, 2, 8, 1, 1, 3, 5, 8, 14, 4, 14, 5, 11, 6, 6, 
>> seq 197
4, 1, 7, 2, 4, 0, 9, 11, 10, 4, 10, 0, 15, 2, 4, 4, 0, 9, 0, 11, 1, 8, 14, 5, 13, 1, 5, 6, 8, 5, 2, 11, 7, 2, 0, 14, 5, 3, 8, 6, 2, 9, 8, 5, 6, 9, 7, 6, 11, 1, 12, 15, 3, 6, 10, 2, 14, 6, 12, 14, 10, 2, 1, 2, 5, 14, 9, 2, 0, 7, 13, 6, 10, 2, 6, 7, 3, 10, 11, 4, 9, 8, 4, 6, 1, 14, 0, 5, 4, 0, 5, 5, 9, 9, 4, 5, 4, 13, 9, 5, 11, 8, 7, 5, 10, 8, 11, 0, 6, 12, 2, 5, 1, 4, 2, 8, 1, 1, 3, 5, 8, 13, 4, 14, 5, 11, 6, 6, 
>> seq 198
4, 1, 7, 2, 4, 0, 9, 11, 10, 4, 10, 0, 15, 2, 4, 4, 0, 9, 0, 11, 1, 8, 14, 5, 13, 1, 5, 6, 8, 5, 2, 11, 7, 2, 0, 14, 5, 3, 8, 6, 2, 9, 8, 5, 6, 9, 7, 6, 11, 1, 12, 15, 3, 6, 10, 2, 14, 6, 12, 14, 10, 2, 1, 2, 5, 14, 9, 2, 0, 7, 13, 6, 10, 2, 6, 7, 14, 10, 11, 4, 9, 8, 4, 6, 1, 14, 0, 5, 4, 0, 5, 5, 9, 9, 4, 5, 4, 13, 9, 5, 11, 8, 7, 5, 10, 8, 11, 0, 6, 12, 2, 5, 1, 4, 2, 8, 1, 1, 3, 5, 8, 13, 4, 14, 5, 11, 6, 6, 
>> seq 199
4, 1, 7, 2, 4, 0, 9, 11, 10, 4, 10, 0, 15, 2, 4, 4, 0, 9, 0, 11, 1, 8, 8, 5, 13, 1, 5, 6, 8, 5, 2, 11, 3, 2, 0, 14, 1, 3, 8, 8, 2, 9, 8, 5, 6, 9, 7, 6, 11, 1, 12, 13, 3, 6, 10, 2, 14, 6, 12, 12, 10, 2, 1, 2, 5, 14, 9, 2, 0, 7, 13, 6, 10, 2, 6, 7, 3, 10, 11, 4, 9, 8, 4, 6, 1, 14, 0, 5, 4, 0, 5, 5, 9, 9, 4, 5, 4, 13, 9, 5, 11, 8, 7, 5, 10, 8, 11, 0, 6, 12, 2, 5, 1, 4, 2, 8, 1, 1, 3, 6, 8, 3, 4, 14, 5, 11, 6, 6, 
