>> seq 0
12, 0, 11, 1, 4, 9, 12, 11, 0, 2, 10, 1, 7, 3, 13, 1, 6, 7, 13, 3, 0, 8, 2, 2, 5, 2, 6, 2, 9, 3, 13, 13, 11, 11, 1, 2, 0, 8, 11, 0, 1, 4, 4, 0, 4, 12, 6, 12, 14, 11, 0, 14, 0, 7, 15, 9, 8, 0, 11, 2, 7, 11, 4, 5, 12, 4, 12, 10, 15, 1, 3, 8, 1, 5, 8, 3, 6, 3, 4, 2, 15, 6, 3, 5, 0, 6, 0, 13, 11, 14, 8, 1, 15, 3, 7, 2, 1, 1, 4, 3, 5, 12, 14, 3, 1, 11, 4, 0, 4, 4, 5, 12, 2, 4, 0, 4, 1, 8, 5, 12, 11, 11, 7, 13, 13, 0, 5, 14, 
>> seq 1
12, 0, 11, 1, 4, 9, 12, 11, 0, 2, 10, 1, 7, 3, 13, 1, 6, 7, 13, 3, 0, 8, 2, 2, 5, 2, 6, 2, 9, 3, 13, 13, 11, 11, 1, 2, 0, 8, 11, 0, 1, 4, 4, 0, 4, 12, 6, 12, 14, 11, 0, 14, 0, 7, 15, 9, 8, 0, 11, 2, 7, 11, 4, 5, 12, 4, 12, 10, 15, 1, 3, 8, 4, 5, 8, 3, 6, 3, 4, 2, 15, 6, 3, 5, 0, 6, 0, 13, 11, 14, 8, 4, 15, 3, 7, 2, 1, 1, 4, 3, 5, 12, 14, 3, 1, 11, 4, 0, 4, 4, 5, 12, 2, 4, 0, 4, 1, 8, 5, 12, 11, 11, 7, 13, 13, 0, 5, 14, 
>> seq 2
12, 0, 11, 1, 4, 9, 12, 11, 0, 2, 10, 1, 7, 3, 13, 1, 6, 7, 13, 3, 0, 8, 2, 2, 5, 2, 6, 2, 9, 3, 13, 13, 11, 11, 1, 2, 0, 8, 11, 0, 1, 4, 4, 0, 4, 12, 6, 12, 14, 11, 0, 14, 0, 7, 15, 9, 12, 0, 11, 2, 7, 11, 4, 5, 12, 4, 12, 10, 15, 1, 3, 8, 4, 5, 0, 3, 6, 3, 4, 2, 15, 6, 3, 5, 0, 6, 0, 13, 11, 14, 8, 4, 15, 3, 7, 2, 1, 1, 4, 3, 5, 12, 14, 3, 1, 11, 4, 0, 4, 4, 5, 12, 2, 4, 0, 4, 1, 8, 5, 12, 11, 11, 7, 13, 13, 2, 5, 14, 
>> seq 3
12, 0, 11, 1, 4, 9, 12, 11, 0, 2, 10, 1, 7, 3, 13, 1, 6, 7, 13, 3, 0, 8, 2, 2, 5, 2, 6, 2, 9, 3, 13, 13, 11, 11, 12, 2, 0, 8, 11, 13, 1, 4, 4, 0, 4, 12, 6, 12, 14, 11, 0, 14, 0, 7, 15, 9, 12, 0, 11, 2, 7, 11, 4, 5, 12, 4, 12, 10, 15, 1, 13, 8, 1, 5, 0, 3, 6, 3, 4, 2, 15, 6, 3, 5, 0, 6, 0, 13, 11, 14, 8, 1, 15, 3, 7, 2, 5, 1, 4, 3, 5, 12, 14, 3, 1, 11, 4, 0, 4, 4, 5, 12, 2, 4, 0, 4, 1, 8, 5, 12, 11, 11, 7, 13, 0, 2, 5, 14, 
>> seq 4
12, 0, 11, 1, 4, 9, 0, 11, 0, 2, 10, 1, 7, 3, 13, 1, 6, 7, 13, 3, 0, 8, 2, 2, 5, 2, 6, 2, 9, 3, 13, 13, 11, 11, 12, 2, 0, 8, 11, 0, 1, 4, 4, 0, 4, 12, 6, 12, 14, 11, 0, 14, 0, 7, 15, 9, 8, 0, 11, 2, 7, 11, 4, 5, 12, 4, 12, 10, 15, 1, 13, 8, 1, 5, 0, 3, 6, 3, 4, 2, 15, 6, 3, 5, 0, 6, 0, 13, 11, 14, 8, 1, 15, 3, 7, 2, 5, 1, 4, 3, 5, 12, 14, 3, 1, 11, 4, 0, 4, 4, 5, 12, 2, 4, 0, 4, 1, 8, 5, 12, 11, 11, 7, 13, 0, 2, 5, 14, 
>> seq 5
12, 0, 11, 1, 4, 9, 0, 11, 0, 2, 10, 1, 7, 3, 13, 1, 6, 7, 13, 3, 0, 8, 2, 2, 5, 2, 6, 2, 9, 3, 13, 13, 11, 11, 12, 2, 0, 8, 11, 0, 1, 4, 4, 0, 4, 12, 6, 12, 14, 11, 0, 14, 0, 7, 15, 9, 8, 0, 11, 2, 7, 11, 4, 5, 12, 4, 12, 10, 15, 1, 13, 8, 1, 5, 0, 3, 6, 3, 4, 2, 15, 6, 3, 5, 0, 6, 0, 13, 11, 14, 8, 1, 15, 3, 7, 2, 5, 1, 4, 3, 5, 12, 14, 3, 1, 11, 4, 0, 4, 4, 5, 12, 2, 4, 0, 4, 1, 8, 5, 12, 11, 11, 7, 13, 0, 2, 5, 14, 
>> seq 6
12, 0, 11, 1, 3, 9, 0, 11, 0, 2, 10, 1, 7, 3, 13, 1, 6, 7, 13, 3, 0, 8, 2, 2, 5, 2, 6, 2, 9, 3, 13, 13, 11, 11, 12, 2, 0, 8, 11, 0, 1, 4, 4, 0, 4, 12, 6, 12, 14, 11, 0, 14, 0, 7, 15, 9, 12, 0, 11, 2, 7, 11, 4, 5, 12, 4, 12, 10, 15, 1, 13, 8, 1, 5, 0, 3, 6, 3, 4, 2, 15, 6, 3, 5, 0, 6, 0, 13, 11, 14, 8, 1, 15, 3, 7, 2, 5, 1, 4, 3, 5, 12, 14, 3, 1, 11, 4, 0, 4, 4, 5, 12, 2, 4, 0, 4, 1, 8, 5, 12, 11, 11, 7, 13, 0, 2, 5, 14, 
>> seq 7
12, 0, 11, 1, 3, 9, 0, 11, 0, 2, 10, 1, 7, 3, 13, 1, 6, 7, 13, 3, 0, 8, 2, 2, 5, 2, 6, 2, 9, 3, 13, 13, 11, 11, 12, 2, 0, 8, 11, 0, 1, 4, 4, 0, 4, 12, 6, 12, 14, 11, 0, 14, 0, 7, 15, 9, 12, 0, 11, 2, 7, 11, 4, 5, 12, 4, 12, 10, 15, 1, 13, 8, 1, 5, 0, 3, 6, 3, 4, 2, 15, 6, 3, 5, 0, 6, 0, 13, 11, 14, 8, 1, 15, 3, 7, 2, 5, 1, 4, 3, 5, 12, 14, 3, 1, 11, 4, 0, 4, 4, 5, 12, 2, 4, 0, 4, 1, 8, 5, 12, 11, 11, 7, 13, 0, 0, 5, 14, 
>> seq 8
12, 0, 11, 1, 3, 9, 0, 11, 0, 2, 10, 1, 7, 3, 13, 1, 6, 7, 13, 3, 0, 8, 2, 2, 5, 2, 6, 2, 9, 3, 13, 13, 11, 11, 12, 2, 0, 8, 11, 0, 1, 4, 4, 0, 4, 12, 6, 12, 14, 11, 0, 14, 0, 7, 15, 9, 12, 0, 11, 2, 7, 11, 4, 5, 12, 4, 12, 10, 15, 1, 13, 8, 1, 5, 0, 3, 6, 3, 4, 2, 15, 6, 3, 5, 0, 6, 0, 13, 11, 14, 8, 1, 15, 3, 7, 2, 5, 1, 4, 3, 5, 12, 14, 3, 1, 11, 4, 0, 4, 4, 5, 12, 2, 4, 0, 4, 1, 8, 5, 12, 11, 11, 7, 13, 0, 0, 5, 14, 
>> seq 9
12, 0, 11, 1, 4, 9, 0, 11, 0, 2, 10, 1, 7, 3, 13, 15, 6, 7, 13, 3, 0, 8, 2, 2, 5, 2, 6, 2, 9, 3, 13, 13, 11, 11, 1, 2, 0, 8, 11, 0, 1, 4, 4, 0, 4, 12, 6, 12, 14, 11, 0, 14, 0, 7, 15, 9, 12, 0, 11, 2, 7, 11, 4, 5, 12, 4, 12, 10, 15, 1, 13, 8, 1, 5, 0, 3, 6, 3, 4, 2, 15, 6, 3, 5, 0, 6, 0, 13, 11, 14, 8, 1, 15, 3, 7, 2, 5, 1, 4, 3, 5, 12, 14, 3, 1, 11, 4, 0, 4, 4, 5, 12, 2, 4, 0, 4, 1, 8, 5, 12, 11, 11, 7, 13, 0, 0, 5, 14, 
>> seq 10
12, 0, 11, 1, 4, 9, 12, 11, 0, 2, 10, 1, 7, 3, 13, 1, 6, 7, 13, 3, 0, 8, 2, 2, 5, 2, 6, 2, 9, 3, 13, 13, 11, 11, 1, 2, 0, 8, 11, 13, 1, 4, 4, 0, 4, 12, 6, 12, 14, 11, 0, 14, 0, 7, 15, 9, 12, 0, 11, 2, 7, 11, 4, 5, 12, 4, 12, 10, 15, 1, 13, 8, 1, 5, 0, 3, 6, 3, 4, 2, 15, 6, 3, 5, 0, 6, 0, 13, 11, 14, 8, 1, 15, 3, 7, 2, 13, 1, 4, 3, 5, 12, 14, 3, 1, 11, 4, 0, 4, 15, 5, 12, 2, 4, 0, 4, 1, 8, 5, 12, 11, 11, 7, 13, 0, 0, 5, 14, 
>> seq 11
12, 0, 11, 1, 4, 9, 0, 11, 0, 2, 10, 1, 7, 3, 13, 1, 6, 7, 13, 3, 0, 8, 2, 2, 5, 2, 6, 2, 9, 3, 13, 13, 11, 11, 1, 2, 0, 8, 11, 0, 1, 4, 4, 0, 4, 12, 6, 12, 14, 11, 0, 14, 0, 7, 15, 9, 12, 0, 11, 2, 7, 11, 4, 5, 12, 4, 12, 10, 15, 1, 13, 8, 1, 5, 0, 3, 6, 3, 4, 2, 15, 6, 3, 5, 0, 6, 0, 13, 11, 14, 8, 1, 15, 3, 7, 2, 13, 1, 4, 3, 5, 12, 14, 3, 1, 11, 4, 0, 4, 15, 5, 12, 2, 4, 0, 4, 1, 8, 5, 12, 11, 11, 7, 13, 0, 0, 5, 14, 
>> seq 12
12, 0, 1, 1, 4, 9, 0, 11, 9, 2, 10, 1, 7, 3, 13, 1, 6, 7, 13, 3, 0, 8, 2, 2, 5, 2, 6, 2, 9, 3, 13, 13, 11, 11, 1, 2, 0, 8, 11, 0, 1, 4, 4, 0, 4, 12, 6, 12, 14, 11, 0, 14, 0, 7, 15, 9, 12, 0, 11, 2, 7, 11, 4, 5, 12, 4, 12, 10, 15, 1, 13, 8, 1, 5, 0, 3, 6, 3, 4, 2, 15, 6, 3, 5, 0, 6, 0, 13, 11, 14, 1, 1, 15, 3, 7, 2, 5, 1, 4, 3, 5, 12, 14, 3, 1, 11, 4, 0, 4, 15, 5, 12, 2, 4, 0, 4, 1, 8, 5, 12, 11, 11, 7, 13, 0, 0, 5, 14, 
>> seq 13
12, 0, 1, 1, 4, 9, 0, 11, 9, 2, 10, 1, 7, 3, 13, 1, 6, 7, 13, 3, 0, 8, 2, 2, 5, 2, 6, 2, 9, 3, 13, 13, 11, 11, 1, 2, 0, 8, 11, 0, 1, 4, 4, 0, 4, 12, 6, 12, 14, 11, 0, 14, 0, 7, 15, 9, 12, 0, 11, 2, 7, 11, 4, 5, 12, 4, 12, 10, 15, 1, 5, 8, 1, 5, 0, 3, 6, 3, 4, 2, 15, 6, 3, 5, 0, 6, 0, 13, 11, 14, 1, 1, 15, 3, 7, 2, 1, 1, 4, 3, 5, 12, 14, 3, 1, 11, 4, 0, 4, 15, 5, 12, 2, 4, 0, 4, 1, 8, 5, 12, 11, 11, 7, 13, 0, 0, 5, 14, 
>> seq 14
12, 0, 1, 1, 4, 9, 0, 11, 9, 2, 10, 1, 7, 3, 13, 1, 6, 7, 13, 3, 0, 8, 2, 2, 5, 2, 6, 2, 9, 3, 13, 13, 11, 11, 1, 2, 0, 8, 11, 0, 1, 4, 4, 0, 4, 12, 6, 12, 14, 11, 0, 14, 0, 7, 15, 9, 12, 0, 11, 2, 7, 11, 4, 5, 12, 4, 12, 10, 15, 1, 5, 8, 1, 5, 0, 3, 6, 3, 4, 2, 15, 6, 3, 5, 0, 6, 0, 13, 11, 14, 1, 1, 15, 3, 7, 2, 1, 1, 4, 3, 5, 12, 14, 3, 1, 11, 4, 0, 4, 15, 5, 12, 2, 4, 0, 4, 1, 8, 5, 12, 11, 11, 7, 13, 0, 0, 5, 14, 
>> seq 15
12, 0, 11, 1, 4, 9, 0, 11, 0, 2, 10, 1, 7, 3, 13, 1, 6, 7, 13, 3, 0, 8, 2, 2, 5, 2, 6, 2, 9, 3, 13, 13, 11, 11, 1, 2, 0, 8, 11, 0, 1, 4, 4, 0, 4, 12, 6, 12, 14, 11, 0, 14, 0, 7, 15, 9, 12, 0, 11, 2, 7, 11, 4, 5, 12, 4, 12, 10, 15, 1, 5, 8, 1, 5, 0, 3, 6, 3, 4, 2, 15, 6, 3, 5, 0, 6, 0, 13, 11, 14, 8, 1, 15, 3, 7, 2, 1, 1, 4, 3, 5, 12, 14, 3, 1, 11, 4, 0, 4, 15, 5, 12, 2, 4, 0, 4, 1, 8, 5, 12, 11, 11, 7, 13, 0, 0, 5, 14, 
>> seq 16
12, 0, 1, 1, 4, 9, 12, 11, 9, 2, 10, 1, 7, 3, 13, 1, 6, 7, 13, 3, 0, 8, 2, 2, 5, 2, 6, 2, 9, 3, 13, 13, 11, 11, 1, 2, 0, 8, 11, 0, 1, 4, 4, 0, 4, 12, 6, 12, 14, 11, 0, 14, 0, 7, 15, 9, 8, 0, 11, 2, 7, 11, 4, 5, 12, 4, 12, 10, 15, 1, 5, 8, 4, 5, 0, 3, 6, 3, 4, 2, 15, 6, 3, 5, 0, 6, 0, 13, 11, 14, 8, 4, 15, 3, 7, 2, 1, 1, 4, 3, 5, 12, 14, 3, 1, 11, 4, 0, 4, 15, 5, 12, 2, 4, 0, 4, 1, 8, 5, 12, 11, 11, 7, 13, 0, 0, 5, 14, 
>> seq 17
12, 0, 1, 1, 4, 9, 12, 11, 0, 2, 10, 1, 7, 3, 13, 1, 6, 7, 13, 8, 0, 8, 2, 2, 5, 2, 6, 2, 9, 3, 13, 13, 11, 11, 1, 2, 0, 8, 11, 0, 1, 4, 4, 0, 4, 12, 6, 12, 14, 11, 0, 14, 0, 7, 15, 9, 8, 0, 11, 2, 7, 11, 4, 5, 12, 4, 2, 10, 15, 1, 5, 8, 1, 5, 8, 3, 6, 3, 4, 2, 15, 6, 3, 5, 0, 6, 0, 13, 11, 14, 8, 1, 15, 3, 7, 2, 1, 1, 4, 0, 5, 12, 14, 3, 1, 11, 4, 0, 4, 15, 5, 12, 2, 4, 0, 4, 1, 8, 5, 12, 11, 11, 7, 13, 13, 8, 5, 14, 
>> seq 18
12, 0, 11, 1, 4, 9, 12, 11, 0, 2, 10, 1, 7, 3, 13, 1, 6, 7, 13, 8, 0, 8, 2, 2, 5, 2, 6, 2, 9, 3, 13, 13, 11, 11, 1, 2, 0, 8, 11, 0, 1, 4, 4, 0, 4, 12, 6, 12, 14, 11, 0, 14, 0, 7, 15, 9, 8, 0, 11, 2, 7, 11, 4, 5, 12, 4, 12, 10, 15, 1, 5, 8, 1, 5, 8, 3, 6, 3, 4, 2, 15, 6, 3, 5, 0, 6, 0, 13, 11, 14, 8, 1, 15, 3, 7, 2, 1, 1, 4, 0, 5, 12, 14, 3, 1, 11, 4, 0, 4, 15, 5, 12, 2, 4, 0, 4, 1, 8, 5, 12, 11, 11, 7, 13, 13, 8, 5, 14, 
>> seq 19
12, 0, 11, 1, 4, 9, 12, 11, 9, 2, 10, 1, 7, 3, 13, 1, 6, 7, 13, 8, 0, 8, 2, 2, 5, 2, 6, 2, 9, 3, 13, 13, 11, 11, 1, 2, 0, 8, 11, 0, 1, 4, 4, 0, 4, 12, 6, 12, 14, 11, 0, 14, 0, 7, 15, 9, 8, 0, 11, 2, 7, 11, 4, 5, 12, 4, 12, 10, 15, 1, 5, 8, 4, 5, 8, 3, 6, 3, 4, 2, 15, 6, 3, 5, 0, 6, 0, 13, 11, 14, 8, 4, 15, 3, 7, 2, 1, 1, 4, 0, 5, 12, 14, 3, 1, 11, 4, 0, 4, 15, 5, 12, 2, 4, 0, 4, 1, 8, 5, 12, 11, 11, 7, 13, 13, 2, 5, 14, 
>> seq 20
12, 0, 1, 1, 4, 9, 12, 11, 9, 2, 10, 1, 7, 3, 13, 1, 6, 7, 13, 3, 0, 8, 2, 2, 5, 2, 6, 2, 9, 3, 13, 13, 11, 11, 1, 2, 0, 8, 11, 13, 1, 4, 4, 0, 4, 12, 6, 12, 14, 11, 0, 14, 0, 7, 15, 9, 12, 0, 11, 2, 7, 11, 4, 5, 12, 4, 2, 10, 15, 1, 13, 8, 4, 5, 0, 3, 6, 3, 4, 2, 15, 6, 3, 5, 0, 6, 0, 13, 11, 14, 8, 4, 15, 3, 7, 2, 5, 1, 4, 3, 5, 12, 14, 3, 1, 11, 4, 0, 4, 15, 5, 12, 2, 4, 0, 4, 1, 8, 5, 12, 11, 11, 7, 13, 13, 2, 5, 14, 
>> seq 21
12, 0, 1, 1, 4, 9, 0, 11, 9, 2, 10, 1, 7, 3, 13, 1, 6, 7, 13, 3, 0, 8, 2, 2, 5, 2, 6, 2, 9, 3, 13, 13, 11, 11, 1, 2, 0, 8, 11, 0, 1, 4, 4, 0, 4, 12, 6, 12, 14, 11, 0, 14, 0, 7, 15, 9, 12, 0, 11, 2, 7, 11, 4, 5, 12, 4, 2, 10, 15, 1, 13, 8, 4, 5, 0, 3, 6, 3, 4, 2, 15, 6, 3, 5, 0, 6, 0, 13, 11, 14, 8, 4, 15, 3, 7, 2, 5, 1, 4, 3, 5, 12, 14, 3, 1, 11, 4, 0, 4, 4, 5, 12, 2, 4, 0, 4, 1, 8, 5, 12, 11, 11, 7, 13, 0, 2, 5, 14, 
>> seq 22
12, 0, 1, 1, 4, 9, 0, 11, 9, 2, 10, 1, 7, 3, 13, 1, 6, 7, 13, 3, 0, 8, 2, 2, 5, 2, 6, 2, 9, 3, 13, 13, 11, 11, 1, 2, 0, 8, 11, 0, 1, 4, 4, 0, 4, 12, 6, 12, 14, 11, 0, 14, 0, 7, 15, 9, 12, 0, 11, 2, 7, 11, 4, 5, 12, 4, 2, 10, 15, 1, 13, 8, 4, 5, 0, 3, 6, 3, 4, 2, 15, 6, 3, 5, 0, 6, 0, 13, 11, 14, 8, 4, 15, 3, 7, 2, 5, 1, 4, 3, 5, 12, 14, 3, 1, 11, 4, 0, 4, 4, 5, 12, 2, 4, 0, 4, 1, 8, 5, 12, 11, 11, 7, 13, 0, 2, 5, 14, 
>> seq 23
12, 0, 1, 1, 4, 9, 0, 11, 9, 2, 10, 1, 7, 3, 13, 1, 6, 7, 13, 8, 0, 8, 2, 2, 5, 2, 6, 2, 9, 3, 13, 13, 11, 11, 1, 2, 0, 8, 11, 0, 1, 4, 4, 0, 4, 12, 6, 12, 14, 11, 0, 14, 0, 7, 15, 9, 12, 0, 11, 2, 7, 11, 4, 5, 12, 4, 2, 10, 15, 1, 13, 8, 4, 5, 0, 3, 6, 3, 4, 2, 15, 6, 3, 5, 0, 6, 0, 13, 11, 14, 8, 4, 15, 3, 7, 2, 5, 1, 4, 0, 5, 12, 14, 3, 1, 11, 4, 0, 4, 15, 5, 12, 2, 4, 0, 4, 1, 8, 5, 12, 11, 11, 7, 13, 0, 2, 5, 14, 
>> seq 24
12, 0, 1, 1, 4, 9, 12, 11, 9, 2, 10, 1, 7, 3, 13, 1, 6, 7, 13, 8, 0, 8, 2, 2, 5, 2, 6, 2, 9, 3, 13, 13, 11, 11, 1, 2, 0, 8, 11, 13, 1, 4, 4, 0, 4, 12, 6, 12, 14, 11, 0, 14, 0, 7, 15, 9, 12, 0, 11, 2, 7, 11, 4, 5, 12, 4, 2, 10, 15, 1, 13, 8, 4, 5, 8, 3, 6, 3, 4, 2, 15, 6, 3, 5, 0, 6, 0, 13, 11, 14, 8, 4, 15, 3, 7, 2, 5, 1, 4, 0, 5, 12, 14, 3, 1, 11, 4, 0, 4, 15, 5, 12, 2, 4, 0, 4, 1, 8, 5, 12, 11, 11, 7, 13, 13, 2, 5, 14, 
>> seq 25
12, 0, 1, 1, 4, 9, 12, 11, 9, 2, 10, 1, 7, 3, 13, 1, 6, 7, 13, 8, 0, 8, 2, 2, 5, 2, 6, 2, 9, 3, 13, 13, 11, 11, 1, 2, 0, 8, 11, 13, 1, 4, 4, 0, 4, 12, 6, 12, 14, 11, 0, 14, 0, 7, 15, 9, 12, 0, 11, 2, 7, 11, 4, 5, 12, 4, 2, 10, 15, 1, 13, 8, 4, 5, 8, 3, 6, 3, 4, 2, 15, 6, 3, 5, 0, 6, 0, 13, 11, 14, 8, 4, 15, 3, 7, 2, 1, 1, 4, 0, 5, 12, 14, 3, 1, 11, 4, 0, 4, 15, 5, 12, 2, 4, 0, 4, 1, 8, 5, 12, 11, 11, 7, 13, 13, 2, 5, 14, 
>> seq 26
12, 0, 1, 1, 4, 9, 12, 11, 9, 2, 10, 1, 7, 3, 13, 1, 6, 7, 13, 3, 0, 8, 2, 2, 5, 2, 6, 2, 9, 3, 13, 13, 11, 11, 1, 2, 0, 8, 11, 13, 1, 4, 4, 0, 4, 12, 6, 12, 14, 11, 0, 14, 0, 7, 15, 9, 8, 0, 13, 2, 7, 11, 4, 5, 12, 4, 2, 8, 15, 1, 13, 8, 4, 5, 8, 3, 6, 3, 4, 2, 15, 6, 3, 5, 0, 6, 0, 13, 11, 14, 8, 4, 15, 3, 7, 2, 1, 1, 4, 3, 5, 12, 14, 3, 1, 11, 4, 0, 4, 15, 5, 12, 2, 4, 0, 4, 1, 8, 5, 12, 11, 11, 7, 13, 13, 8, 5, 14, 
>> seq 27
12, 0, 1, 1, 4, 9, 12, 11, 9, 2, 10, 1, 7, 3, 13, 1, 6, 7, 13, 3, 0, 8, 2, 2, 5, 2, 6, 2, 9, 3, 13, 13, 11, 11, 1, 2, 0, 8, 11, 13, 1, 4, 4, 0, 4, 12, 6, 12, 14, 11, 0, 14, 0, 7, 15, 9, 8, 0, 13, 2, 7, 11, 4, 5, 12, 4, 2, 10, 15, 1, 13, 8, 4, 5, 0, 3, 6, 3, 4, 2, 15, 6, 3, 5, 0, 6, 0, 13, 11, 14, 8, 4, 15, 3, 7, 2, 1, 1, 4, 3, 5, 12, 14, 3, 1, 13, 4, 0, 4, 15, 5, 12, 2, 4, 0, 4, 1, 8, 5, 12, 11, 1, 7, 13, 13, 8, 5, 14, 
>> seq 28
12, 0, 1, 1, 4, 9, 12, 4, 9, 2, 10, 1, 7, 3, 13, 1, 6, 7, 13, 3, 0, 8, 2, 2, 5, 2, 6, 2, 9, 3, 13, 13, 11, 11, 1, 2, 0, 8, 11, 13, 1, 4, 4, 0, 4, 12, 6, 12, 14, 4, 0, 14, 0, 7, 15, 9, 8, 0, 13, 2, 7, 11, 4, 5, 12, 4, 2, 10, 15, 1, 13, 8, 4, 5, 0, 3, 6, 3, 4, 2, 15, 6, 3, 5, 0, 6, 0, 13, 4, 14, 8, 4, 15, 3, 7, 2, 1, 1, 4, 3, 5, 12, 14, 3, 1, 13, 4, 0, 4, 15, 5, 12, 2, 4, 0, 4, 1, 8, 5, 12, 11, 1, 7, 13, 0, 8, 5, 14, 
>> seq 29
12, 0, 1, 1, 4, 9, 12, 4, 9, 2, 10, 1, 7, 3, 13, 1, 6, 7, 13, 3, 0, 8, 2, 2, 5, 2, 6, 2, 9, 3, 13, 13, 11, 11, 1, 2, 0, 8, 11, 13, 1, 4, 4, 0, 4, 12, 6, 12, 14, 4, 0, 14, 0, 7, 15, 9, 8, 0, 13, 2, 7, 11, 4, 5, 12, 4, 2, 10, 15, 1, 13, 8, 4, 5, 0, 3, 6, 3, 4, 2, 15, 6, 3, 5, 0, 6, 0, 13, 4, 14, 8, 4, 15, 3, 7, 2, 5, 1, 4, 3, 5, 12, 14, 3, 1, 13, 4, 0, 4, 4, 5, 12, 2, 4, 0, 4, 1, 8, 5, 12, 11, 1, 7, 13, 0, 8, 5, 14, 
>> seq 30
12, 0, 1, 1, 4, 9, 12, 4, 9, 2, 10, 1, 7, 3, 13, 1, 6, 7, 13, 3, 0, 8, 2, 2, 5, 2, 6, 2, 9, 3, 13, 13, 11, 11, 1, 2, 0, 8, 11, 13, 1, 4, 4, 0, 4, 12, 6, 12, 14, 4, 0, 14, 0, 7, 15, 9, 8, 0, 13, 2, 7, 11, 4, 5, 12, 4, 2, 8, 15, 1, 13, 8, 4, 5, 0, 3, 6, 3, 4, 2, 15, 6, 3, 5, 0, 6, 0, 13, 4, 14, 8, 4, 15, 3, 7, 2, 1, 1, 4, 3, 5, 12, 14, 3, 1, 13, 4, 0, 4, 4, 5, 12, 2, 4, 0, 4, 1, 8, 5, 12, 11, 1, 7, 13, 0, 8, 5, 4, 
>> seq 31
12, 0, 1, 1, 4, 9, 12, 4, 9, 2, 10, 1, 7, 3, 13, 1, 6, 7, 13, 3, 0, 8, 2, 2, 5, 2, 6, 2, 9, 3, 13, 13, 11, 11, 1, 2, 0, 8, 11, 13, 1, 4, 4, 0, 4, 12, 6, 12, 14, 4, 0, 14, 0, 7, 15, 9, 8, 0, 13, 2, 7, 11, 4, 5, 12, 4, 2, 8, 15, 1, 13, 8, 4, 5, 8, 3, 6, 3, 4, 2, 15, 6, 3, 5, 0, 6, 0, 13, 4, 14, 8, 4, 15, 3, 7, 2, 13, 1, 4, 3, 5, 12, 14, 3, 1, 13, 4, 0, 4, 4, 5, 12, 2, 4, 0, 4, 1, 8, 5, 12, 11, 1, 7, 13, 13, 8, 5, 4, 
>> seq 32
5, 0, 1, 1, 4, 9, 12, 4, 9, 2, 10, 1, 7, 3, 13, 1, 6, 7, 13, 3, 0, 8, 2, 2, 5, 2, 6, 2, 9, 3, 13, 13, 11, 11, 1, 2, 0, 8, 11, 13, 1, 4, 4, 0, 4, 15, 6, 12, 14, 4, 0, 14, 0, 7, 15, 9, 8, 0, 13, 2, 7, 11, 4, 5, 12, 4, 2, 8, 15, 1, 13, 8, 4, 5, 8, 3, 6, 3, 4, 2, 15, 6, 3, 5, 0, 6, 0, 13, 4, 14, 8, 4, 15, 3, 7, 2, 5, 1, 4, 3, 5, 12, 14, 3, 1, 13, 4, 0, 4, 4, 5, 12, 2, 4, 0, 4, 1, 8, 5, 12, 11, 1, 7, 13, 13, 8, 5, 4, 
>> seq 33
5, 0, 1, 1, 4, 9, 12, 4, 9, 2, 0, 1, 7, 3, 13, 1, 6, 7, 13, 3, 0, 8, 2, 2, 5, 2, 6, 2, 9, 3, 13, 13, 11, 11, 1, 2, 0, 8, 11, 13, 1, 4, 4, 0, 4, 15, 6, 3, 14, 4, 0, 14, 0, 7, 15, 9, 8, 0, 13, 2, 7, 11, 4, 5, 12, 4, 2, 8, 15, 1, 13, 8, 4, 5, 0, 3, 6, 3, 4, 2, 15, 6, 3, 5, 0, 6, 0, 13, 4, 14, 8, 4, 15, 3, 7, 2, 13, 1, 4, 3, 5, 12, 14, 3, 1, 13, 4, 0, 4, 4, 5, 12, 2, 4, 0, 4, 1, 8, 5, 12, 11, 1, 7, 13, 13, 8, 5, 14, 
>> seq 34
5, 0, 1, 1, 4, 9, 12, 4, 9, 2, 10, 1, 7, 3, 13, 1, 6, 7, 13, 3, 0, 8, 2, 2, 5, 2, 6, 2, 9, 3, 13, 13, 11, 11, 1, 2, 0, 8, 11, 13, 1, 4, 4, 0, 4, 15, 6, 3, 14, 4, 0, 14, 0, 7, 15, 9, 8, 0, 13, 2, 7, 11, 4, 5, 12, 4, 2, 8, 15, 1, 13, 8, 4, 5, 0, 3, 6, 3, 4, 2, 15, 6, 3, 5, 0, 6, 0, 13, 4, 14, 8, 4, 15, 3, 7, 2, 13, 1, 4, 3, 5, 12, 14, 3, 1, 13, 4, 0, 4, 4, 5, 12, 2, 4, 0, 4, 1, 8, 5, 12, 11, 1, 7, 13, 0, 8, 5, 14, 
>> seq 35
5, 0, 1, 1, 3, 9, 12, 4, 9, 2, 0, 1, 7, 3, 13, 1, 6, 7, 13, 3, 0, 8, 2, 2, 5, 2, 6, 2, 9, 3, 13, 13, 11, 11, 1, 2, 0, 8, 11, 13, 1, 14, 4, 0, 4, 15, 6, 3, 14, 4, 0, 14, 0, 7, 15, 9, 8, 0, 13, 2, 7, 11, 4, 5, 12, 4, 2, 8, 15, 1, 13, 8, 4, 5, 0, 3, 6, 3, 4, 2, 15, 6, 3, 5, 0, 6, 0, 13, 4, 14, 8, 4, 15, 3, 7, 2, 5, 1, 4, 3, 5, 12, 14, 3, 1, 13, 4, 0, 4, 4, 5, 12, 2, 4, 0, 4, 1, 8, 5, 12, 11, 1, 7, 13, 0, 8, 5, 14, 
>> seq 36
5, 0, 1, 1, 3, 9, 12, 11, 9, 2, 10, 1, 7, 3, 13, 1, 6, 7, 13, 3, 0, 8, 2, 2, 5, 2, 6, 2, 9, 3, 13, 13, 11, 11, 1, 2, 0, 8, 11, 13, 1, 14, 4, 0, 4, 15, 6, 3, 14, 11, 0, 14, 0, 7, 15, 9, 8, 0, 13, 2, 7, 11, 4, 5, 12, 4, 2, 8, 15, 1, 13, 8, 4, 5, 0, 3, 6, 3, 4, 2, 15, 6, 3, 5, 0, 6, 0, 13, 11, 8, 8, 4, 15, 3, 7, 2, 5, 1, 4, 3, 5, 12, 14, 3, 1, 13, 4, 0, 4, 4, 5, 12, 2, 4, 0, 4, 1, 8, 5, 12, 11, 1, 7, 13, 13, 8, 5, 14, 
>> seq 37
5, 0, 1, 1, 4, 9, 12, 11, 9, 2, 10, 1, 8, 3, 13, 1, 6, 7, 13, 3, 8, 8, 2, 2, 5, 2, 6, 2, 9, 3, 13, 13, 11, 11, 1, 2, 0, 8, 11, 13, 1, 14, 4, 0, 4, 15, 6, 12, 14, 11, 0, 6, 0, 7, 15, 9, 8, 0, 13, 2, 7, 11, 4, 5, 12, 4, 2, 8, 15, 8, 13, 8, 4, 5, 8, 3, 6, 3, 4, 2, 15, 6, 3, 5, 0, 6, 0, 13, 11, 8, 8, 4, 15, 3, 7, 2, 1, 1, 4, 3, 5, 12, 14, 3, 1, 13, 4, 0, 4, 4, 5, 12, 2, 4, 0, 4, 1, 6, 5, 12, 11, 1, 7, 13, 13, 8, 5, 14, 
>> seq 38
5, 0, 1, 1, 4, 9, 12, 11, 9, 2, 10, 1, 8, 3, 13, 1, 6, 7, 13, 3, 8, 8, 2, 2, 5, 2, 6, 2, 9, 3, 13, 13, 11, 11, 1, 2, 0, 8, 11, 13, 1, 14, 4, 0, 4, 15, 6, 12, 14, 11, 0, 14, 0, 7, 15, 9, 8, 0, 13, 2, 7, 14, 4, 5, 12, 4, 2, 10, 15, 8, 13, 8, 4, 5, 8, 3, 6, 3, 4, 2, 15, 6, 3, 5, 0, 6, 0, 13, 11, 8, 8, 4, 15, 3, 7, 2, 1, 1, 4, 3, 5, 12, 14, 3, 1, 13, 1, 0, 4, 4, 5, 12, 2, 4, 0, 4, 1, 8, 5, 12, 11, 1, 7, 13, 13, 8, 5, 14, 
>> seq 39
9, 0, 1, 1, 4, 9, 12, 11, 9, 2, 10, 1, 8, 3, 13, 1, 6, 7, 13, 3, 8, 8, 2, 2, 5, 2, 6, 2, 9, 3, 13, 13, 11, 11, 1, 2, 0, 8, 11, 13, 1, 14, 4, 0, 4, 12, 6, 12, 14, 11, 0, 6, 0, 7, 15, 9, 8, 0, 13, 2, 7, 9, 4, 5, 12, 4, 2, 10, 15, 8, 13, 8, 4, 5, 8, 3, 6, 3, 4, 2, 15, 6, 3, 5, 0, 6, 0, 13, 11, 8, 8, 4, 15, 3, 7, 2, 5, 1, 4, 3, 5, 12, 14, 3, 1, 13, 4, 0, 4, 4, 5, 12, 2, 4, 0, 4, 1, 6, 5, 12, 11, 1, 7, 13, 13, 8, 5, 14, 
>> seq 40
9, 0, 1, 1, 4, 9, 12, 11, 9, 2, 10, 1, 7, 3, 13, 1, 6, 7, 13, 3, 0, 8, 2, 2, 5, 2, 6, 2, 9, 3, 13, 13, 11, 11, 1, 2, 0, 8, 11, 13, 1, 14, 4, 0, 4, 12, 6, 12, 14, 11, 0, 14, 0, 7, 15, 9, 8, 0, 13, 2, 7, 9, 4, 5, 12, 4, 2, 10, 15, 1, 13, 8, 4, 5, 8, 3, 6, 3, 4, 2, 15, 6, 3, 5, 0, 6, 0, 13, 11, 14, 8, 4, 15, 3, 7, 2, 5, 1, 4, 3, 5, 12, 14, 3, 1, 13, 4, 0, 4, 4, 5, 12, 2, 4, 0, 4, 1, 8, 5, 12, 11, 1, 7, 13, 13, 8, 5, 14, 
>> seq 41
9, 0, 1, 1, 4, 9, 12, 11, 9, 2, 10, 1, 7, 3, 13, 1, 6, 7, 13, 3, 0, 8, 2, 2, 5, 2, 6, 2, 9, 3, 13, 13, 11, 11, 1, 2, 0, 8, 11, 13, 1, 14, 4, 0, 4, 14, 6, 12, 14, 11, 0, 14, 0, 7, 15, 9, 8, 0, 13, 2, 7, 9, 4, 5, 12, 4, 2, 10, 15, 1, 13, 8, 4, 5, 8, 3, 6, 3, 4, 2, 15, 6, 3, 5, 0, 6, 0, 13, 11, 14, 8, 4, 15, 3, 7, 2, 5, 1, 4, 3, 5, 12, 14, 3, 1, 13, 4, 0, 4, 4, 5, 12, 2, 4, 0, 4, 1, 8, 5, 12, 11, 1, 7, 13, 13, 8, 5, 14, 
>> seq 42
9, 0, 1, 1, 3, 9, 12, 11, 9, 2, 10, 1, 7, 3, 13, 1, 6, 7, 13, 3, 0, 8, 2, 2, 5, 2, 6, 2, 9, 3, 13, 13, 11, 11, 1, 2, 0, 8, 11, 13, 1, 14, 4, 0, 4, 14, 6, 12, 14, 11, 0, 14, 0, 7, 15, 9, 8, 0, 13, 2, 7, 9, 4, 5, 12, 4, 2, 10, 15, 1, 13, 8, 4, 5, 8, 3, 6, 3, 4, 2, 15, 6, 3, 5, 0, 6, 0, 13, 11, 14, 8, 4, 15, 3, 7, 2, 5, 1, 4, 3, 5, 12, 14, 3, 1, 13, 4, 0, 4, 4, 5, 12, 2, 4, 0, 4, 1, 8, 5, 12, 11, 10, 7, 13, 13, 8, 5, 14, 
>> seq 43
9, 0, 1, 1, 4, 9, 12, 11, 9, 2, 10, 1, 7, 3, 13, 1, 6, 7, 13, 3, 0, 8, 2, 2, 5, 2, 6, 2, 9, 3, 13, 13, 11, 11, 1, 2, 0, 8, 11, 13, 1, 14, 4, 0, 4, 14, 6, 12, 14, 11, 0, 14, 0, 7, 15, 9, 8, 0, 13, 2, 7, 9, 4, 5, 12, 4, 2, 10, 15, 1, 13, 8, 4, 5, 8, 3, 6, 3, 4, 2, 15, 6, 3, 5, 0, 6, 0, 13, 11, 14, 8, 4, 15, 3, 7, 2, 5, 1, 4, 3, 5, 12, 14, 3, 1, 13, 4, 0, 4, 4, 5, 12, 2, 4, 0, 4, 1, 8, 5, 12, 11, 10, 7, 13, 13, 8, 5, 14, 
>> seq 44
9, 0, 1, 1, 4, 9, 12, 11, 9, 2, 10, 1, 7, 3, 13, 1, 6, 7, 13, 3, 0, 8, 2, 2, 5, 2, 6, 2, 9, 3, 13, 13, 11, 11, 1, 2, 0, 8, 11, 13, 1, 14, 4, 0, 4, 14, 6, 12, 14, 11, 0, 6, 0, 7, 15, 9, 8, 0, 13, 2, 7, 9, 4, 5, 12, 4, 2, 10, 15, 1, 13, 8, 4, 5, 8, 3, 6, 3, 4, 2, 15, 6, 3, 5, 0, 6, 0, 13, 11, 14, 8, 4, 15, 3, 7, 2, 5, 1, 4, 3, 5, 12, 14, 3, 1, 13, 4, 0, 4, 4, 5, 12, 2, 4, 0, 4, 1, 6, 5, 12, 11, 10, 7, 13, 13, 8, 5, 14, 
>> seq 45
9, 0, 1, 1, 4, 9, 12, 11, 9, 2, 10, 1, 7, 3, 13, 1, 6, 7, 13, 3, 0, 8, 2, 2, 5, 2, 6, 2, 9, 3, 13, 13, 11, 11, 1, 2, 0, 8, 11, 13, 1, 14, 4, 0, 4, 14, 6, 12, 14, 11, 0, 6, 0, 7, 15, 9, 8, 0, 13, 2, 7, 9, 4, 5, 12, 4, 2, 10, 15, 1, 13, 8, 4, 5, 8, 3, 6, 3, 4, 2, 15, 6, 3, 5, 0, 6, 0, 13, 11, 14, 8, 4, 15, 3, 7, 2, 5, 1, 4, 3, 5, 12, 14, 3, 1, 13, 4, 0, 4, 4, 5, 12, 2, 4, 0, 4, 1, 6, 5, 12, 11, 10, 7, 13, 13, 8, 5, 14, 
>> seq 46
9, 0, 1, 1, 4, 9, 12, 11, 9, 2, 10, 1, 7, 3, 13, 1, 6, 7, 13, 3, 0, 8, 2, 2, 5, 2, 6, 2, 9, 3, 13, 13, 11, 11, 1, 2, 0, 8, 11, 13, 1, 14, 4, 0, 4, 14, 6, 12, 14, 11, 0, 6, 0, 7, 15, 9, 8, 0, 13, 2, 7, 9, 4, 5, 12, 4, 2, 10, 15, 1, 13, 8, 4, 5, 8, 3, 6, 3, 4, 2, 15, 6, 3, 5, 0, 6, 0, 13, 11, 14, 8, 4, 15, 3, 7, 2, 5, 1, 4, 3, 5, 12, 14, 3, 1, 13, 4, 0, 4, 4, 5, 12, 2, 4, 0, 4, 1, 6, 5, 12, 11, 10, 7, 13, 13, 8, 5, 14, 
>> seq 47
9, 0, 1, 1, 4, 9, 12, 11, 9, 2, 10, 1, 7, 3, 13, 1, 6, 7, 13, 3, 0, 8, 2, 2, 5, 2, 6, 2, 9, 3, 13, 13, 11, 11, 1, 2, 0, 8, 11, 13, 1, 14, 4, 0, 4, 14, 6, 12, 14, 11, 0, 6, 0, 7, 15, 9, 8, 0, 13, 2, 7, 9, 4, 5, 12, 4, 2, 10, 15, 1, 13, 8, 4, 5, 8, 3, 6, 3, 4, 2, 15, 6, 3, 5, 0, 6, 0, 13, 11, 14, 8, 4, 15, 3, 7, 2, 1, 1, 4, 3, 5, 12, 14, 3, 1, 13, 4, 0, 4, 4, 5, 12, 2, 4, 0, 4, 1, 6, 5, 12, 11, 10, 7, 13, 13, 8, 5, 14, 
>> seq 48
9, 0, 1, 1, 4, 9, 12, 11, 9, 2, 10, 1, 7, 3, 13, 1, 6, 7, 13, 3, 0, 8, 2, 2, 5, 2, 6, 2, 9, 3, 13, 10, 11, 11, 1, 2, 0, 8, 11, 13, 1, 14, 4, 0, 4, 10, 6, 12, 14, 11, 0, 6, 0, 7, 15, 9, 8, 0, 13, 2, 7, 9, 4, 5, 12, 4, 2, 10, 15, 1, 13, 8, 4, 5, 8, 3, 6, 3, 4, 2, 15, 6, 3, 5, 0, 6, 0, 13, 11, 14, 8, 4, 15, 3, 7, 2, 1, 1, 4, 3, 5, 12, 14, 3, 1, 13, 4, 0, 4, 4, 5, 12, 2, 4, 0, 4, 1, 6, 5, 12, 11, 10, 7, 13, 13, 8, 5, 14, 
>> seq 49
9, 0, 1, 1, 4, 9, 12, 11, 9, 2, 10, 1, 7, 3, 13, 1, 6, 7, 13, 3, 0, 8, 2, 2, 5, 2, 6, 2, 9, 3, 13, 10, 11, 11, 1, 2, 0, 8, 11, 13, 1, 14, 4, 0, 4, 10, 6, 12, 14, 11, 0, 6, 0, 7, 15, 9, 8, 0, 13, 2, 7, 9, 4, 5, 12, 4, 2, 10, 15, 1, 13, 8, 4, 5, 8, 3, 6, 3, 4, 2, 15, 6, 3, 5, 0, 6, 0, 13, 11, 14, 8, 4, 15, 3, 7, 2, 1, 1, 4, 3, 5, 12, 14, 3, 1, 13, 4, 0, 4, 4, 5, 12, 2, 4, 0, 4, 1, 6, 5, 12, 11, 10, 7, 13, 13, 8, 5, 14, 
>> seq 50
5, 0, 1, 1, 4, 9, 12, 11, 9, 2, 10, 1, 7, 3, 13, 1, 6, 7, 13, 3, 0, 8, 2, 2, 5, 2, 6, 2, 9, 3, 13, 13, 11, 11, 1, 2, 0, 8, 11, 13, 1, 14, 4, 0, 4, 14, 6, 12, 14, 11, 0, 6, 0, 7, 15, 9, 8, 0, 13, 2, 7, 9, 4, 5, 12, 4, 2, 10, 15, 1, 13, 8, 4, 5, 8, 3, 6, 3, 4, 11, 15, 6, 3, 5, 0, 6, 0, 13, 11, 14, 8, 4, 15, 3, 7, 2, 1, 1, 4, 3, 5, 12, 14, 3, 1, 13, 4, 0, 4, 4, 5, 12, 11, 4, 0, 4, 1, 6, 5, 12, 11, 10, 7, 13, 13, 8, 5, 14, 
>> seq 51
5, 0, 1, 1, 4, 9, 12, 11, 9, 2, 10, 1, 7, 3, 13, 1, 6, 7, 13, 3, 0, 8, 2, 2, 5, 2, 6, 2, 9, 3, 13, 10, 11, 11, 1, 2, 0, 8, 11, 13, 1, 14, 4, 0, 4, 10, 6, 12, 14, 11, 0, 6, 0, 7, 15, 9, 8, 0, 13, 2, 7, 9, 4, 5, 12, 4, 2, 10, 15, 1, 13, 8, 4, 5, 8, 3, 6, 3, 4, 11, 15, 6, 3, 5, 0, 6, 0, 13, 11, 14, 8, 4, 15, 3, 7, 2, 1, 1, 4, 3, 5, 12, 14, 3, 1, 13, 4, 0, 4, 4, 5, 12, 11, 4, 0, 4, 1, 6, 5, 12, 11, 10, 7, 13, 13, 8, 5, 14, 
>> seq 52
5, 0, 1, 1, 4, 9, 12, 11, 9, 2, 10, 1, 7, 3, 13, 1, 6, 7, 13, 3, 0, 8, 2, 2, 5, 2, 6, 2, 9, 3, 13, 10, 11, 11, 1, 2, 0, 8, 11, 13, 1, 14, 4, 0, 4, 10, 6, 12, 14, 11, 0, 6, 0, 7, 15, 9, 8, 0, 13, 2, 7, 9, 4, 5, 12, 4, 2, 10, 15, 1, 13, 8, 4, 5, 8, 3, 6, 3, 4, 11, 15, 6, 3, 5, 0, 6, 0, 13, 11, 14, 8, 4, 15, 3, 7, 2, 1, 1, 4, 3, 5, 12, 14, 3, 1, 13, 4, 0, 4, 4, 5, 12, 11, 4, 0, 4, 1, 6, 5, 12, 11, 10, 7, 13, 13, 8, 5, 14, 
>> seq 53
9, 0, 1, 1, 4, 9, 12, 11, 9, 2, 10, 1, 7, 3, 13, 1, 6, 7, 13, 3, 0, 8, 2, 2, 5, 2, 6, 2, 9, 3, 13, 10, 11, 11, 1, 2, 0, 8, 11, 13, 1, 4, 4, 0, 4, 10, 6, 12, 14, 11, 0, 6, 0, 7, 15, 9, 8, 0, 13, 2, 7, 9, 4, 5, 12, 4, 2, 10, 15, 1, 13, 8, 4, 5, 8, 3, 6, 3, 4, 2, 15, 6, 3, 5, 0, 6, 0, 13, 11, 14, 8, 4, 15, 3, 7, 2, 1, 1, 4, 3, 5, 12, 14, 3, 1, 13, 4, 0, 4, 4, 5, 12, 2, 4, 0, 4, 1, 6, 5, 12, 11, 10, 7, 13, 13, 8, 5, 14, 
>> seq 54
9, 0, 1, 1, 4, 9, 12, 11, 9, 2, 10, 1, 7, 3, 13, 1, 6, 7, 13, 3, 0, 8, 2, 2, 5, 2, 6, 2, 9, 3, 13, 10, 11, 11, 1, 2, 0, 8, 11, 13, 1, 4, 4, 0, 4, 10, 6, 12, 14, 11, 0, 6, 0, 7, 15, 9, 8, 0, 13, 2, 7, 9, 4, 5, 12, 4, 2, 10, 15, 1, 13, 8, 4, 5, 8, 3, 6, 3, 4, 2, 15, 6, 3, 5, 0, 6, 0, 13, 11, 14, 8, 4, 15, 3, 7, 2, 1, 1, 4, 3, 5, 12, 14, 3, 1, 13, 4, 0, 4, 4, 5, 12, 2, 4, 0, 4, 1, 6, 5, 12, 11, 10, 7, 13, 13, 8, 5, 14, 
>> seq 55
9, 0, 1, 1, 4, 9, 12, 11, 9, 2, 10, 1, 7, 3, 13, 1, 6, 7, 13, 3, 0, 8, 2, 2, 5, 2, 6, 2, 9, 3, 13, 10, 11, 11, 1, 2, 0, 8, 11, 13, 1, 4, 4, 0, 4, 10, 6, 12, 14, 11, 0, 6, 0, 7, 15, 9, 8, 0, 13, 2, 7, 9, 4, 5, 12, 4, 2, 10, 15, 1, 13, 8, 4, 5, 8, 3, 6, 3, 4, 2, 15, 6, 3, 5, 0, 6, 0, 13, 11, 14, 8, 4, 15, 3, 7, 2, 1, 1, 4, 3, 5, 12, 14, 3, 1, 13, 4, 0, 4, 4, 5, 12, 2, 4, 0, 4, 1, 6, 5, 12, 11, 10, 7, 13, 13, 8, 5, 14, 
>> seq 56
9, 0, 1, 1, 4, 9, 12, 11, 9, 2, 10, 1, 7, 3, 13, 1, 6, 7, 13, 3, 0, 8, 2, 2, 5, 2, 6, 2, 9, 3, 13, 10, 11, 11, 1, 2, 0, 8, 11, 13, 1, 4, 4, 0, 4, 10, 6, 12, 14, 11, 0, 6, 0, 7, 15, 9, 8, 0, 13, 2, 7, 9, 4, 5, 12, 4, 2, 10, 15, 1, 13, 8, 4, 5, 8, 3, 6, 3, 4, 2, 15, 6, 3, 5, 0, 6, 0, 13, 11, 14, 8, 4, 15, 3, 7, 2, 1, 1, 4, 3, 5, 12, 14, 3, 1, 13, 4, 0, 4, 4, 5, 12, 2, 4, 0, 4, 1, 6, 5, 12, 11, 10, 7, 13, 13, 8, 5, 14, 
>> seq 57
9, 0, 1, 1, 4, 9, 12, 4, 9, 2, 10, 1, 7, 3, 13, 1, 6, 7, 13, 3, 0, 8, 2, 2, 5, 2, 6, 2, 9, 3, 13, 13, 11, 11, 1, 2, 0, 8, 11, 13, 1, 4, 4, 0, 4, 12, 6, 12, 14, 4, 0, 14, 0, 7, 15, 9, 8, 0, 13, 2, 7, 9, 4, 5, 12, 4, 2, 10, 15, 1, 13, 8, 4, 5, 8, 3, 6, 3, 4, 2, 15, 6, 3, 5, 0, 6, 0, 13, 4, 14, 8, 4, 15, 3, 7, 2, 5, 1, 4, 3, 5, 12, 14, 3, 1, 13, 4, 0, 4, 15, 5, 12, 2, 4, 0, 4, 1, 8, 5, 12, 11, 10, 7, 13, 13, 8, 5, 14, 
>> seq 58
9, 0, 1, 1, 4, 9, 12, 4, 9, 2, 10, 1, 7, 3, 13, 1, 6, 7, 13, 3, 0, 8, 2, 2, 5, 2, 6, 2, 9, 3, 13, 10, 11, 11, 1, 2, 0, 8, 11, 13, 1, 4, 4, 0, 4, 10, 6, 12, 14, 4, 0, 6, 0, 7, 15, 9, 8, 0, 13, 2, 7, 9, 4, 5, 12, 4, 2, 10, 15, 1, 13, 8, 4, 5, 8, 3, 6, 3, 4, 2, 15, 6, 3, 5, 0, 6, 0, 13, 4, 14, 8, 4, 15, 3, 7, 2, 1, 1, 4, 3, 5, 12, 14, 3, 1, 13, 4, 0, 4, 15, 5, 12, 2, 4, 0, 4, 1, 6, 5, 12, 11, 10, 7, 13, 13, 8, 5, 14, 
>> seq 59
9, 0, 1, 1, 4, 9, 12, 11, 9, 2, 10, 1, 7, 3, 13, 1, 6, 7, 13, 3, 0, 8, 2, 2, 5, 2, 6, 2, 9, 3, 13, 10, 11, 11, 1, 2, 0, 8, 11, 0, 1, 4, 4, 0, 4, 10, 6, 12, 14, 15, 0, 14, 0, 7, 15, 9, 8, 0, 13, 2, 7, 9, 4, 5, 12, 4, 2, 10, 15, 1, 3, 8, 4, 5, 8, 3, 6, 3, 4, 2, 15, 6, 3, 5, 0, 6, 0, 13, 11, 14, 8, 4, 15, 3, 7, 2, 1, 1, 4, 3, 5, 12, 14, 3, 1, 13, 4, 0, 4, 15, 5, 12, 2, 4, 0, 4, 1, 8, 5, 12, 11, 10, 7, 13, 13, 8, 5, 14, 
>> seq 60
9, 0, 1, 1, 4, 9, 12, 11, 9, 2, 10, 1, 7, 3, 13, 1, 6, 7, 13, 3, 0, 8, 2, 2, 5, 2, 6, 2, 9, 3, 13, 10, 11, 11, 1, 2, 0, 8, 11, 0, 1, 4, 4, 0, 4, 10, 6, 12, 14, 15, 0, 14, 0, 7, 15, 9, 8, 0, 13, 2, 7, 9, 4, 5, 12, 4, 2, 10, 15, 1, 5, 8, 4, 5, 8, 3, 6, 3, 4, 2, 15, 6, 3, 5, 0, 6, 0, 13, 11, 14, 8, 4, 15, 3, 7, 2, 1, 1, 4, 3, 5, 12, 14, 3, 1, 13, 1, 0, 4, 15, 5, 12, 2, 4, 0, 4, 1, 8, 5, 12, 11, 10, 7, 13, 13, 8, 5, 14, 
>> seq 61
9, 0, 1, 1, 4, 9, 12, 11, 9, 2, 10, 1, 7, 3, 13, 1, 6, 7, 13, 3, 0, 8, 2, 2, 5, 2, 6, 2, 9, 3, 13, 10, 11, 11, 1, 2, 0, 8, 11, 0, 1, 4, 4, 0, 4, 10, 6, 12, 14, 15, 0, 14, 0, 7, 15, 9, 8, 0, 13, 2, 7, 9, 4, 5, 12, 4, 2, 10, 15, 1, 5, 8, 4, 5, 8, 3, 6, 3, 4, 2, 15, 6, 3, 5, 0, 6, 0, 13, 11, 14, 8, 4, 15, 3, 7, 2, 1, 1, 4, 3, 5, 12, 14, 3, 1, 13, 1, 0, 4, 4, 5, 12, 2, 4, 0, 4, 1, 8, 5, 12, 11, 10, 7, 13, 13, 8, 5, 14, 
>> seq 62
9, 0, 1, 1, 4, 9, 12, 11, 9, 2, 10, 1, 7, 3, 13, 1, 6, 7, 13, 3, 0, 8, 2, 2, 5, 2, 6, 2, 9, 3, 13, 10, 11, 11, 1, 2, 0, 8, 11, 0, 1, 4, 4, 0, 4, 10, 6, 12, 14, 15, 0, 6, 0, 7, 15, 9, 8, 0, 13, 2, 7, 9, 4, 5, 12, 4, 2, 10, 15, 1, 5, 8, 4, 5, 8, 3, 6, 3, 4, 2, 15, 6, 3, 5, 0, 6, 0, 13, 11, 14, 8, 4, 15, 3, 7, 2, 1, 1, 4, 3, 5, 12, 14, 3, 1, 13, 1, 0, 4, 4, 5, 12, 2, 4, 0, 4, 1, 6, 5, 12, 11, 10, 7, 13, 13, 8, 5, 14, 
>> seq 63
9, 0, 1, 1, 4, 9, 12, 15, 9, 2, 10, 1, 7, 3, 13, 1, 6, 7, 13, 3, 0, 8, 2, 2, 5, 2, 6, 2, 9, 3, 13, 10, 11, 9, 1, 2, 0, 8, 11, 0, 1, 4, 4, 0, 4, 10, 6, 12, 14, 15, 0, 6, 0, 7, 15, 9, 8, 0, 13, 2, 7, 9, 4, 5, 12, 4, 2, 10, 15, 1, 5, 8, 4, 5, 8, 3, 6, 3, 4, 2, 15, 6, 3, 5, 0, 6, 0, 13, 11, 9, 8, 4, 15, 3, 9, 2, 1, 1, 4, 3, 5, 12, 14, 3, 1, 13, 1, 0, 4, 4, 5, 12, 2, 4, 0, 4, 1, 6, 5, 12, 11, 10, 7, 13, 13, 8, 5, 14, 
>> seq 64
9, 0, 1, 1, 4, 9, 12, 15, 9, 2, 10, 1, 7, 3, 13, 1, 6, 7, 13, 3, 0, 8, 2, 2, 5, 2, 6, 2, 9, 3, 13, 10, 11, 9, 1, 2, 0, 8, 11, 0, 1, 4, 4, 0, 4, 10, 6, 12, 14, 15, 0, 6, 0, 7, 15, 9, 8, 0, 13, 2, 7, 9, 4, 5, 12, 4, 2, 10, 15, 1, 5, 8, 4, 5, 8, 3, 6, 3, 4, 2, 15, 6, 3, 5, 0, 6, 0, 13, 11, 9, 8, 4, 15, 3, 9, 2, 1, 1, 4, 3, 5, 12, 14, 3, 1, 13, 1, 0, 4, 4, 5, 12, 2, 4, 0, 4, 1, 6, 5, 12, 11, 10, 7, 13, 13, 8, 5, 14, 
>> seq 65
9, 0, 1, 1, 4, 9, 12, 15, 9, 2, 10, 1, 7, 3, 13, 1, 6, 7, 13, 8, 0, 8, 2, 2, 5, 2, 6, 7, 9, 3, 13, 10, 11, 9, 1, 2, 0, 8, 11, 0, 1, 4, 4, 0, 4, 10, 6, 3, 14, 15, 0, 6, 0, 7, 15, 9, 8, 0, 13, 2, 7, 9, 4, 5, 12, 4, 2, 10, 15, 1, 5, 8, 4, 5, 8, 3, 6, 3, 4, 11, 15, 6, 3, 5, 0, 6, 0, 13, 11, 9, 8, 4, 15, 3, 9, 2, 1, 1, 4, 0, 5, 12, 14, 3, 1, 13, 1, 0, 4, 4, 5, 12, 4, 4, 0, 4, 1, 6, 5, 12, 11, 10, 7, 13, 13, 8, 5, 14, 
>> seq 66
9, 0, 1, 1, 4, 9, 12, 4, 9, 2, 10, 1, 7, 3, 13, 1, 6, 7, 13, 8, 0, 8, 2, 2, 5, 2, 6, 2, 9, 3, 13, 10, 11, 11, 1, 2, 0, 8, 11, 0, 1, 4, 4, 0, 4, 10, 6, 3, 14, 4, 0, 6, 0, 7, 15, 9, 8, 0, 13, 2, 7, 9, 4, 5, 12, 4, 2, 10, 15, 1, 5, 8, 4, 5, 8, 3, 6, 3, 4, 11, 15, 6, 3, 5, 0, 6, 0, 13, 4, 14, 8, 4, 15, 3, 7, 2, 1, 1, 4, 0, 5, 12, 14, 3, 1, 13, 1, 0, 4, 4, 5, 12, 11, 4, 0, 4, 1, 6, 5, 12, 11, 10, 7, 13, 13, 8, 5, 14, 
>> seq 67
9, 0, 1, 1, 4, 9, 12, 4, 9, 2, 10, 1, 7, 3, 13, 1, 6, 7, 13, 8, 0, 8, 2, 2, 5, 2, 6, 2, 9, 3, 13, 10, 11, 11, 1, 2, 0, 8, 11, 1, 1, 4, 4, 0, 4, 10, 6, 3, 14, 4, 0, 6, 0, 7, 15, 9, 8, 0, 13, 2, 7, 9, 4, 5, 12, 4, 2, 10, 15, 1, 5, 8, 4, 5, 8, 3, 6, 3, 4, 11, 15, 6, 3, 5, 0, 6, 0, 13, 4, 14, 8, 4, 15, 3, 7, 2, 1, 1, 4, 0, 5, 12, 14, 3, 1, 13, 1, 0, 4, 4, 5, 12, 11, 4, 0, 4, 1, 6, 5, 12, 11, 10, 7, 13, 13, 8, 5, 14, 
>> seq 68
9, 0, 1, 1, 4, 9, 12, 11, 9, 2, 10, 1, 7, 3, 13, 1, 6, 7, 13, 8, 0, 8, 2, 2, 5, 2, 6, 2, 9, 3, 13, 10, 11, 11, 1, 2, 0, 8, 11, 0, 1, 4, 4, 0, 4, 10, 6, 3, 14, 11, 0, 6, 0, 7, 15, 9, 8, 0, 6, 2, 7, 9, 4, 5, 12, 4, 2, 10, 15, 1, 5, 8, 4, 5, 8, 3, 6, 3, 4, 2, 15, 6, 3, 5, 0, 6, 0, 4, 11, 14, 8, 4, 15, 3, 7, 2, 1, 1, 4, 0, 5, 12, 14, 3, 1, 13, 1, 0, 4, 4, 5, 12, 2, 4, 0, 4, 1, 6, 5, 12, 11, 10, 7, 13, 2, 8, 5, 14, 
>> seq 69
9, 0, 1, 1, 4, 9, 12, 11, 9, 2, 10, 1, 7, 3, 13, 1, 6, 7, 13, 8, 0, 8, 2, 2, 5, 2, 6, 2, 9, 3, 13, 10, 11, 11, 1, 2, 0, 8, 11, 0, 1, 4, 4, 0, 4, 10, 6, 3, 14, 15, 0, 6, 0, 7, 15, 9, 8, 0, 13, 2, 7, 9, 4, 5, 12, 4, 2, 10, 15, 1, 5, 8, 4, 5, 8, 3, 6, 3, 4, 2, 15, 6, 3, 5, 0, 6, 0, 13, 11, 14, 8, 4, 15, 3, 7, 2, 1, 1, 4, 0, 5, 12, 14, 3, 1, 13, 1, 0, 4, 4, 5, 12, 2, 4, 0, 4, 1, 6, 5, 12, 11, 10, 7, 13, 13, 8, 5, 14, 
>> seq 70
9, 0, 1, 1, 4, 9, 12, 11, 9, 2, 10, 1, 7, 3, 13, 1, 6, 7, 13, 8, 0, 8, 2, 2, 5, 2, 6, 2, 9, 3, 13, 10, 11, 11, 1, 2, 0, 8, 11, 0, 1, 4, 4, 0, 4, 10, 6, 3, 14, 15, 0, 6, 0, 7, 15, 9, 8, 0, 13, 2, 7, 9, 4, 5, 12, 4, 2, 10, 15, 1, 3, 8, 4, 5, 8, 3, 6, 3, 4, 2, 15, 6, 10, 5, 0, 6, 0, 13, 11, 14, 8, 4, 15, 3, 7, 2, 1, 1, 4, 0, 5, 12, 14, 3, 1, 13, 1, 0, 4, 4, 5, 12, 2, 4, 0, 4, 1, 6, 5, 12, 11, 10, 7, 13, 13, 8, 5, 14, 
>> seq 71
9, 0, 1, 1, 4, 9, 12, 11, 9, 2, 10, 1, 7, 3, 13, 1, 6, 7, 13, 8, 0, 8, 2, 2, 5, 2, 6, 2, 9, 3, 13, 10, 11, 11, 1, 2, 0, 8, 11, 0, 1, 4, 4, 0, 4, 10, 6, 3, 14, 15, 0, 6, 0, 7, 15, 9, 8, 0, 13, 2, 7, 9, 4, 5, 12, 4, 2, 10, 15, 1, 3, 8, 4, 5, 8, 3, 6, 3, 4, 2, 15, 6, 10, 5, 0, 6, 0, 13, 11, 14, 8, 4, 15, 3, 7, 2, 1, 1, 4, 0, 5, 12, 14, 3, 1, 13, 4, 0, 4, 4, 5, 12, 2, 4, 0, 4, 1, 6, 5, 12, 11, 10, 7, 13, 13, 8, 5, 14, 
>> seq 72
9, 0, 1, 1, 4, 9, 12, 11, 9, 2, 10, 1, 7, 3, 13, 1, 6, 7, 13, 8, 0, 8, 2, 2, 5, 2, 6, 2, 9, 3, 13, 10, 11, 11, 1, 2, 0, 8, 11, 0, 1, 4, 4, 0, 4, 10, 6, 3, 14, 15, 0, 6, 0, 7, 15, 9, 8, 0, 13, 2, 7, 9, 4, 5, 12, 4, 2, 10, 15, 1, 3, 8, 4, 5, 8, 3, 6, 3, 4, 2, 15, 6, 10, 5, 0, 6, 0, 13, 11, 14, 8, 4, 15, 3, 7, 2, 1, 1, 4, 0, 5, 12, 14, 3, 1, 13, 4, 0, 4, 4, 5, 12, 2, 4, 0, 4, 1, 6, 5, 12, 11, 10, 7, 13, 13, 8, 5, 14, 
>> seq 73
9, 0, 1, 1, 4, 9, 12, 11, 9, 2, 10, 1, 7, 3, 13, 1, 6, 7, 13, 8, 0, 8, 2, 2, 5, 2, 6, 2, 9, 3, 13, 10, 11, 11, 1, 2, 0, 8, 11, 0, 1, 4, 4, 0, 4, 10, 6, 3, 14, 11, 0, 6, 0, 7, 15, 9, 8, 0, 13, 2, 7, 9, 4, 5, 12, 4, 2, 10, 15, 1, 3, 8, 4, 5, 8, 3, 6, 3, 4, 2, 15, 6, 10, 5, 0, 6, 0, 13, 11, 9, 8, 4, 15, 3, 9, 2, 1, 1, 4, 0, 5, 12, 14, 3, 1, 13, 4, 0, 4, 4, 5, 12, 2, 4, 0, 4, 1, 6, 5, 12, 11, 10, 7, 13, 13, 8, 5, 14, 
>> seq 74
9, 0, 1, 1, 4, 9, 12, 11, 9, 2, 10, 1, 7, 3, 13, 1, 6, 7, 13, 8, 0, 8, 2, 2, 5, 2, 6, 2, 9, 3, 13, 10, 11, 11, 1, 2, 0, 8, 11, 0, 1, 4, 4, 0, 4, 10, 6, 3, 14, 11, 0, 6, 0, 7, 15, 9, 8, 0, 13, 2, 7, 9, 4, 5, 12, 4, 2, 10, 15, 1, 3, 8, 4, 5, 8, 3, 6, 3, 4, 2, 15, 6, 10, 5, 0, 6, 0, 13, 11, 9, 8, 4, 15, 3, 9, 2, 1, 1, 4, 0, 5, 12, 14, 3, 1, 13, 4, 0, 4, 4, 5, 12, 2, 4, 0, 4, 1, 6, 5, 12, 11, 10, 7, 13, 13, 8, 5, 14, 
>> seq 75
9, 0, 1, 1, 4, 9, 12, 11, 9, 2, 10, 1, 7, 3, 13, 1, 6, 7, 13, 3, 0, 8, 2, 2, 5, 2, 6, 2, 9, 3, 13, 10, 11, 11, 1, 2, 0, 8, 11, 0, 1, 14, 4, 0, 4, 10, 6, 3, 14, 11, 0, 6, 0, 7, 15, 9, 8, 0, 13, 2, 7, 9, 4, 5, 12, 4, 2, 10, 15, 1, 3, 8, 4, 5, 8, 3, 6, 3, 4, 2, 15, 6, 3, 5, 0, 6, 0, 13, 11, 9, 8, 4, 15, 3, 9, 2, 1, 1, 4, 3, 5, 12, 14, 3, 1, 13, 4, 0, 4, 4, 5, 12, 2, 4, 0, 4, 1, 6, 5, 12, 11, 10, 7, 13, 13, 8, 5, 14, 
>> seq 76
9, 0, 1, 1, 4, 9, 12, 11, 9, 2, 10, 1, 7, 3, 13, 1, 6, 7, 13, 3, 0, 8, 2, 2, 5, 2, 6, 2, 9, 3, 13, 10, 11, 11, 1, 2, 0, 8, 11, 0, 1, 14, 4, 0, 4, 10, 6, 3, 14, 11, 0, 6, 0, 7, 15, 9, 8, 0, 13, 2, 7, 9, 4, 5, 12, 4, 2, 10, 15, 1, 3, 8, 4, 5, 8, 3, 6, 3, 4, 2, 15, 6, 3, 5, 0, 6, 0, 13, 11, 9, 8, 4, 15, 3, 9, 2, 1, 1, 4, 3, 5, 12, 14, 3, 1, 13, 4, 0, 4, 4, 5, 12, 2, 4, 0, 4, 1, 6, 5, 12, 11, 10, 7, 13, 13, 8, 5, 14, 
>> seq 77
9, 0, 1, 1, 4, 9, 12, 11, 9, 2, 10, 1, 7, 3, 13, 1, 6, 7, 13, 3, 0, 8, 2, 2, 5, 2, 6, 2, 9, 3, 13, 10, 11, 11, 1, 2, 0, 8, 11, 0, 1, 14, 4, 0, 4, 10, 6, 3, 14, 11, 0, 6, 0, 7, 15, 9, 8, 0, 13, 2, 7, 9, 4, 5, 12, 4, 2, 10, 15, 1, 3, 8, 4, 5, 8, 3, 6, 3, 4, 2, 15, 6, 3, 5, 0, 6, 0, 13, 11, 9, 8, 4, 15, 3, 9, 2, 1, 1, 4, 3, 5, 12, 14, 3, 1, 13, 4, 0, 4, 4, 5, 12, 2, 4, 0, 4, 1, 6, 5, 12, 11, 10, 7, 13, 13, 8, 5, 14, 
>> seq 78
9, 0, 1, 1, 4, 9, 12, 11, 9, 2, 10, 1, 7, 3, 13, 1, 6, 7, 13, 3, 0, 8, 2, 2, 5, 2, 6, 2, 9, 3, 13, 10, 11, 11, 1, 2, 0, 8, 11, 0, 1, 14, 4, 0, 4, 10, 6, 3, 14, 11, 0, 6, 0, 7, 15, 9, 8, 0, 13, 2, 7, 9, 4, 5, 12, 4, 2, 10, 15, 1, 3, 8, 4, 5, 8, 3, 6, 3, 4, 2, 15, 6, 3, 5, 0, 6, 0, 13, 11, 9, 8, 4, 15, 3, 9, 2, 1, 1, 4, 3, 5, 12, 14, 3, 1, 13, 4, 0, 4, 4, 5, 12, 2, 4, 0, 4, 1, 6, 5, 12, 11, 10, 7, 13, 13, 8, 5, 14, 
>> seq 79
9, 0, 1, 1, 4, 9, 12, 11, 9, 2, 10, 1, 7, 3, 13, 1, 6, 7, 13, 3, 0, 8, 2, 2, 5, 2, 6, 2, 9, 3, 13, 10, 11, 11, 1, 2, 0, 8, 11, 0, 1, 14, 4, 0, 4, 10, 6, 3, 14, 11, 0, 6, 0, 7, 15, 9, 8, 0, 13, 2, 7, 9, 4, 5, 12, 4, 2, 10, 15, 1, 3, 8, 4, 5, 8, 3, 6, 3, 4, 2, 15, 6, 10, 5, 0, 6, 0, 13, 11, 9, 8, 4, 15, 3, 9, 2, 1, 1, 4, 3, 5, 12, 14, 3, 1, 13, 4, 0, 4, 4, 5, 12, 2, 4, 0, 4, 1, 6, 5, 12, 11, 10, 7, 13, 13, 8, 5, 14, 
>> seq 80
9, 0, 1, 1, 4, 9, 12, 11, 9, 2, 10, 1, 7, 3, 13, 1, 6, 7, 13, 8, 0, 8, 2, 2, 5, 2, 6, 2, 9, 3, 13, 10, 11, 11, 1, 2, 0, 8, 11, 0, 1, 14, 4, 0, 4, 10, 6, 3, 14, 11, 0, 6, 0, 7, 15, 9, 8, 0, 6, 2, 7, 9, 4, 5, 12, 4, 2, 10, 15, 1, 3, 8, 4, 5, 8, 3, 6, 3, 4, 2, 15, 6, 10, 5, 0, 6, 0, 4, 11, 9, 8, 4, 15, 3, 9, 2, 1, 1, 4, 0, 5, 12, 14, 3, 1, 13, 1, 0, 4, 4, 5, 12, 2, 4, 0, 4, 1, 6, 5, 12, 11, 10, 7, 13, 2, 8, 5, 14, 
>> seq 81
9, 0, 1, 1, 4, 9, 12, 11, 9, 2, 10, 1, 7, 3, 11, 1, 6, 7, 13, 8, 0, 8, 2, 2, 5, 2, 6, 2, 9, 3, 13, 10, 11, 11, 1, 2, 0, 8, 11, 0, 1, 14, 4, 0, 4, 10, 6, 3, 14, 11, 0, 6, 0, 7, 15, 9, 8, 0, 6, 2, 7, 9, 4, 5, 12, 4, 2, 10, 15, 1, 3, 8, 4, 5, 8, 3, 6, 3, 4, 2, 15, 6, 10, 5, 0, 6, 0, 4, 11, 14, 8, 4, 15, 3, 7, 2, 1, 1, 4, 0, 5, 12, 14, 3, 1, 13, 1, 0, 4, 4, 5, 12, 2, 4, 0, 4, 1, 6, 5, 12, 11, 10, 7, 13, 2, 8, 5, 14, 
>> seq 82
9, 0, 1, 1, 4, 9, 12, 4, 9, 2, 10, 1, 7, 3, 11, 1, 6, 7, 13, 8, 0, 8, 2, 2, 5, 2, 6, 2, 9, 3, 13, 10, 11, 11, 1, 2, 0, 8, 11, 0, 1, 14, 4, 0, 4, 10, 6, 3, 14, 4, 0, 6, 0, 7, 15, 9, 8, 0, 6, 2, 7, 9, 4, 5, 12, 4, 2, 10, 15, 1, 3, 8, 4, 5, 8, 3, 6, 3, 4, 2, 15, 6, 10, 5, 0, 6, 0, 4, 4, 9, 8, 4, 15, 3, 9, 2, 1, 1, 4, 0, 5, 12, 14, 3, 1, 13, 1, 0, 4, 4, 5, 12, 2, 4, 0, 4, 1, 6, 5, 12, 11, 10, 7, 13, 2, 8, 5, 4, 
>> seq 83
9, 0, 1, 1, 4, 9, 12, 4, 9, 2, 10, 1, 7, 3, 11, 1, 6, 7, 13, 8, 0, 8, 2, 2, 5, 2, 6, 2, 9, 3, 13, 10, 11, 11, 1, 2, 0, 8, 11, 0, 1, 14, 4, 0, 4, 10, 6, 3, 14, 4, 0, 6, 0, 7, 15, 9, 8, 0, 6, 2, 4, 9, 4, 5, 12, 4, 2, 10, 15, 1, 5, 8, 4, 5, 8, 3, 6, 3, 4, 2, 15, 6, 3, 5, 0, 6, 0, 4, 4, 9, 8, 4, 15, 3, 9, 2, 1, 1, 4, 0, 5, 12, 14, 3, 1, 13, 1, 0, 4, 4, 5, 12, 2, 4, 0, 4, 1, 6, 5, 12, 11, 10, 7, 13, 2, 8, 5, 4, 
>> seq 84
9, 0, 1, 1, 4, 9, 12, 4, 9, 2, 10, 1, 7, 3, 11, 1, 6, 7, 13, 8, 0, 8, 2, 2, 5, 2, 6, 2, 9, 3, 13, 10, 11, 11, 1, 2, 0, 8, 11, 0, 1, 14, 4, 0, 4, 10, 6, 3, 14, 4, 0, 6, 0, 7, 15, 9, 8, 0, 6, 2, 4, 9, 4, 5, 12, 4, 2, 10, 15, 1, 5, 8, 4, 5, 8, 3, 6, 3, 4, 2, 15, 6, 10, 5, 0, 6, 0, 4, 4, 9, 8, 4, 15, 3, 9, 2, 1, 1, 4, 0, 5, 12, 14, 3, 1, 13, 1, 0, 4, 4, 5, 12, 2, 4, 0, 4, 1, 6, 5, 12, 11, 10, 7, 13, 2, 8, 5, 4, 
>> seq 85
9, 0, 1, 1, 4, 9, 12, 4, 9, 2, 10, 1, 7, 3, 11, 1, 6, 7, 13, 8, 0, 8, 2, 2, 5, 2, 6, 2, 9, 3, 13, 10, 11, 11, 1, 2, 0, 8, 11, 0, 1, 14, 4, 0, 4, 10, 6, 3, 14, 4, 0, 6, 0, 7, 15, 9, 8, 0, 6, 2, 4, 9, 4, 5, 12, 4, 2, 10, 15, 1, 5, 8, 4, 5, 8, 3, 6, 3, 4, 2, 15, 6, 10, 5, 0, 6, 0, 4, 4, 9, 8, 4, 15, 3, 9, 2, 1, 1, 4, 0, 5, 12, 14, 3, 1, 13, 1, 0, 4, 4, 5, 12, 2, 4, 0, 4, 1, 6, 5, 12, 11, 10, 7, 13, 2, 0, 5, 4, 
>> seq 86
9, 0, 1, 1, 4, 9, 12, 4, 9, 2, 10, 1, 7, 3, 11, 1, 6, 7, 13, 8, 0, 8, 2, 2, 5, 2, 6, 2, 9, 3, 13, 10, 11, 11, 1, 2, 0, 8, 11, 0, 1, 14, 4, 0, 4, 10, 6, 3, 14, 4, 0, 6, 0, 7, 15, 9, 8, 0, 6, 2, 4, 9, 4, 5, 12, 4, 2, 10, 15, 1, 5, 8, 4, 5, 8, 3, 6, 3, 4, 2, 15, 6, 10, 5, 0, 6, 0, 4, 4, 9, 8, 4, 15, 3, 9, 2, 1, 1, 4, 0, 5, 12, 14, 3, 1, 13, 1, 0, 4, 4, 5, 12, 2, 4, 0, 4, 1, 6, 5, 12, 11, 10, 7, 13, 2, 2, 5, 4, 
>> seq 87
9, 0, 1, 1, 4, 9, 12, 4, 9, 2, 10, 1, 7, 3, 11, 1, 6, 7, 13, 8, 0, 8, 2, 2, 5, 2, 6, 2, 9, 3, 13, 10, 11, 11, 1, 2, 0, 8, 11, 0, 1, 14, 4, 0, 4, 10, 6, 3, 14, 4, 0, 6, 0, 7, 15, 9, 8, 0, 6, 2, 4, 9, 4, 5, 12, 4, 2, 10, 15, 1, 5, 8, 4, 5, 8, 3, 6, 3, 4, 2, 15, 6, 10, 5, 0, 6, 0, 4, 4, 9, 8, 4, 15, 3, 9, 2, 1, 1, 4, 0, 5, 12, 14, 3, 1, 13, 1, 0, 4, 4, 5, 12, 2, 4, 0, 4, 1, 6, 5, 12, 11, 10, 7, 13, 2, 2, 5, 4, 
>> seq 88
9, 0, 1, 1, 4, 9, 12, 4, 9, 2, 10, 1, 7, 3, 11, 1, 6, 7, 13, 8, 0, 8, 2, 2, 5, 2, 6, 2, 9, 3, 13, 10, 11, 11, 1, 2, 0, 8, 11, 0, 1, 14, 4, 0, 4, 10, 6, 3, 14, 4, 0, 6, 0, 7, 15, 9, 8, 0, 6, 2, 4, 9, 4, 5, 12, 4, 2, 10, 15, 1, 5, 8, 4, 5, 8, 3, 6, 3, 4, 2, 15, 6, 10, 5, 0, 6, 0, 4, 4, 9, 8, 4, 15, 3, 9, 2, 1, 1, 4, 0, 5, 12, 14, 3, 1, 13, 4, 0, 4, 4, 5, 12, 2, 4, 0, 4, 1, 6, 5, 12, 11, 10, 7, 13, 2, 8, 5, 4, 
>> seq 89
9, 0, 1, 1, 4, 9, 12, 4, 9, 2, 10, 1, 7, 3, 11, 1, 6, 7, 13, 8, 0, 8, 2, 2, 5, 2, 6, 2, 9, 3, 13, 10, 11, 11, 1, 2, 0, 8, 11, 0, 1, 14, 4, 0, 4, 10, 6, 3, 14, 4, 0, 6, 0, 7, 15, 9, 8, 0, 6, 2, 4, 9, 4, 5, 12, 4, 2, 10, 15, 1, 5, 8, 4, 5, 8, 3, 6, 3, 4, 2, 15, 6, 10, 5, 0, 6, 0, 4, 4, 9, 8, 4, 15, 3, 9, 2, 1, 1, 4, 0, 5, 12, 14, 3, 1, 13, 4, 0, 4, 4, 5, 12, 2, 4, 0, 4, 1, 6, 5, 12, 11, 10, 7, 13, 2, 8, 5, 4, 
>> seq 90
9, 0, 1, 1, 4, 9, 12, 4, 9, 2, 10, 1, 7, 3, 11, 1, 6, 7, 13, 8, 0, 8, 2, 2, 5, 2, 6, 2, 9, 3, 13, 10, 11, 11, 1, 2, 0, 8, 11, 0, 1, 14, 4, 0, 4, 10, 6, 3, 14, 4, 0, 6, 0, 7, 15, 9, 8, 0, 6, 2, 4, 9, 4, 5, 12, 4, 2, 10, 15, 1, 5, 8, 4, 5, 8, 3, 6, 3, 4, 2, 15, 6, 10, 5, 0, 6, 0, 4, 4, 9, 8, 4, 15, 3, 9, 2, 1, 1, 4, 0, 5, 12, 14, 3, 1, 13, 4, 0, 4, 4, 5, 12, 2, 4, 0, 4, 1, 6, 5, 12, 11, 10, 7, 13, 2, 8, 5, 4, 
>> seq 91
9, 0, 1, 1, 4, 9, 12, 4, 9, 2, 10, 1, 7, 3, 11, 1, 6, 7, 13, 3, 0, 8, 2, 2, 5, 2, 6, 2, 9, 3, 13, 10, 11, 11, 1, 2, 0, 8, 11, 0, 1, 14, 4, 0, 4, 10, 6, 3, 14, 4, 0, 6, 0, 7, 15, 9, 8, 0, 6, 2, 4, 9, 4, 5, 12, 4, 2, 10, 15, 1, 5, 8, 4, 5, 8, 3, 6, 3, 4, 2, 15, 6, 10, 5, 0, 6, 0, 4, 4, 9, 8, 4, 15, 3, 9, 2, 1, 1, 4, 3, 5, 12, 14, 3, 1, 13, 4, 0, 4, 4, 5, 12, 2, 4, 0, 4, 1, 6, 5, 12, 11, 10, 7, 13, 2, 8, 5, 4, 
>> seq 92
9, 0, 1, 1, 4, 9, 12, 4, 9, 2, 10, 1, 7, 3, 11, 1, 6, 7, 13, 3, 0, 8, 2, 2, 5, 2, 6, 2, 9, 3, 13, 10, 11, 11, 1, 2, 0, 8, 11, 0, 1, 14, 4, 0, 4, 10, 6, 3, 14, 4, 0, 6, 0, 7, 15, 9, 8, 0, 6, 2, 4, 9, 4, 5, 12, 4, 2, 10, 15, 1, 5, 8, 4, 5, 8, 3, 6, 3, 4, 2, 15, 6, 10, 5, 0, 6, 0, 4, 4, 9, 8, 4, 15, 3, 9, 2, 1, 1, 4, 3, 5, 12, 14, 3, 1, 13, 4, 0, 4, 4, 5, 12, 2, 4, 0, 4, 1, 6, 5, 12, 11, 10, 7, 13, 2, 8, 5, 4, 
>> seq 93
9, 0, 1, 1, 4, 9, 12, 4, 9, 2, 10, 1, 7, 3, 11, 1, 6, 7, 13, 3, 0, 8, 2, 2, 5, 2, 6, 2, 9, 3, 13, 10, 11, 11, 1, 2, 0, 8, 11, 0, 1, 14, 4, 0, 4, 10, 6, 3, 14, 4, 0, 6, 0, 7, 15, 9, 8, 0, 6, 2, 4, 9, 4, 5, 12, 4, 2, 10, 15, 1, 5, 8, 4, 5, 8, 3, 6, 3, 4, 2, 15, 6, 10, 5, 0, 6, 0, 4, 4, 9, 8, 4, 15, 3, 9, 2, 1, 1, 4, 3, 5, 12, 14, 3, 1, 13, 4, 0, 4, 4, 5, 12, 2, 4, 0, 4, 1, 6, 5, 12, 11, 10, 7, 13, 2, 8, 5, 14, 
>> seq 94
9, 0, 1, 1, 4, 9, 12, 4, 9, 2, 10, 1, 7, 3, 11, 1, 6, 7, 13, 3, 0, 8, 2, 2, 5, 2, 6, 2, 9, 3, 13, 10, 11, 11, 1, 2, 0, 8, 11, 0, 1, 14, 4, 0, 4, 10, 6, 3, 14, 4, 0, 6, 0, 7, 15, 9, 8, 0, 6, 2, 4, 9, 4, 5, 12, 4, 2, 10, 15, 1, 3, 8, 4, 5, 8, 3, 6, 3, 4, 2, 15, 6, 10, 5, 0, 6, 0, 4, 4, 9, 8, 4, 15, 3, 9, 2, 1, 1, 4, 3, 5, 12, 14, 3, 1, 13, 1, 0, 4, 4, 5, 12, 2, 4, 0, 4, 1, 6, 5, 12, 11, 10, 7, 13, 2, 8, 5, 14, 
>> seq 95
9, 0, 1, 1, 4, 9, 12, 4, 9, 2, 10, 1, 7, 3, 11, 1, 6, 7, 13, 3, 0, 8, 2, 2, 5, 2, 6, 2, 9, 3, 13, 10, 11, 11, 1, 2, 0, 8, 11, 0, 1, 14, 4, 0, 4, 10, 6, 3, 14, 4, 0, 6, 0, 7, 15, 9, 8, 0, 6, 2, 4, 9, 4, 5, 12, 4, 2, 10, 15, 1, 3, 8, 4, 5, 8, 3, 6, 3, 4, 2, 15, 6, 10, 5, 0, 6, 0, 4, 4, 9, 8, 4, 15, 3, 9, 2, 1, 1, 4, 3, 5, 12, 14, 3, 1, 13, 1, 0, 4, 4, 5, 12, 2, 4, 0, 4, 1, 6, 5, 12, 11, 10, 7, 13, 2, 8, 5, 14, 
>> seq 96
9, 0, 1, 1, 4, 9, 12, 4, 9, 2, 10, 1, 7, 3, 11, 1, 6, 7, 13, 3, 0, 8, 2, 2, 5, 2, 6, 2, 9, 3, 13, 10, 11, 11, 1, 2, 0, 8, 11, 0, 1, 14, 4, 0, 4, 10, 6, 3, 14, 4, 0, 6, 0, 7, 15, 9, 8, 0, 6, 14, 4, 9, 4, 5, 12, 4, 2, 10, 15, 1, 3, 8, 4, 5, 8, 3, 6, 3, 4, 2, 15, 6, 10, 5, 0, 6, 0, 4, 4, 9, 8, 14, 15, 3, 9, 2, 1, 1, 4, 3, 5, 12, 14, 3, 1, 13, 1, 0, 4, 4, 5, 12, 2, 4, 0, 4, 1, 6, 5, 12, 11, 10, 7, 13, 2, 8, 5, 14, 
>> seq 97
9, 0, 1, 1, 4, 9, 12, 4, 9, 2, 10, 1, 7, 3, 11, 1, 6, 7, 13, 3, 0, 8, 2, 2, 5, 2, 6, 2, 9, 3, 13, 10, 11, 11, 1, 2, 0, 8, 11, 0, 1, 14, 4, 0, 4, 10, 6, 3, 14, 4, 0, 6, 0, 7, 15, 9, 8, 0, 6, 14, 4, 9, 4, 5, 12, 4, 2, 10, 15, 1, 3, 8, 4, 5, 8, 3, 6, 3, 4, 2, 15, 6, 10, 5, 0, 6, 0, 4, 4, 9, 8, 14, 15, 3, 9, 2, 1, 1, 4, 3, 5, 12, 14, 3, 1, 13, 1, 0, 4, 4, 5, 12, 2, 4, 0, 4, 1, 6, 5, 12, 11, 10, 7, 13, 2, 8, 5, 14, 
>> seq 98
9, 0, 1, 1, 4, 9, 12, 11, 9, 2, 10, 1, 7, 3, 11, 1, 6, 7, 13, 3, 0, 8, 2, 2, 5, 2, 6, 2, 9, 3, 13, 10, 11, 11, 1, 2, 0, 8, 11, 0, 1, 14, 4, 0, 4, 10, 6, 3, 14, 11, 0, 6, 0, 7, 15, 9, 8, 0, 6, 14, 4, 9, 4, 5, 12, 4, 2, 10, 15, 1, 3, 8, 4, 5, 8, 3, 6, 3, 4, 2, 15, 6, 10, 5, 0, 6, 0, 4, 11, 9, 8, 14, 15, 3, 9, 2, 1, 1, 4, 3, 5, 12, 14, 3, 1, 13, 1, 0, 4, 4, 5, 12, 2, 4, 0, 4, 1, 6, 5, 12, 11, 10, 7, 13, 2, 8, 5, 14, 
>> seq 99
9, 0, 1, 1, 4, 9, 12, 11, 9, 2, 10, 1, 7, 3, 11, 1, 6, 7, 13, 8, 0, 8, 2, 2, 5, 2, 6, 2, 9, 3, 13, 10, 11, 11, 1, 2, 0, 8, 11, 1, 1, 14, 4, 0, 4, 10, 6, 3, 14, 11, 0, 6, 0, 7, 15, 9, 8, 0, 6, 2, 4, 9, 4, 5, 12, 4, 2, 10, 15, 1, 3, 6, 4, 5, 8, 3, 6, 3, 4, 2, 15, 6, 10, 5, 0, 6, 0, 4, 11, 9, 8, 4, 15, 3, 9, 2, 1, 1, 4, 0, 5, 12, 14, 3, 1, 13, 1, 0, 4, 4, 5, 12, 2, 4, 0, 4, 1, 6, 5, 12, 11, 10, 7, 13, 2, 8, 5, 14, 
>> seq 100
9, 0, 1, 1, 4, 9, 12, 4, 9, 2, 10, 1, 7, 3, 11, 1, 6, 7, 13, 8, 0, 8, 2, 2, 5, 2, 6, 2, 9, 3, 13, 10, 11, 11, 1, 2, 0, 8, 11, 1, 1, 14, 4, 0, 4, 10, 6, 3, 14, 4, 0, 6, 0, 7, 15, 9, 8, 0, 6, 2, 4, 9, 4, 5, 12, 4, 2, 10, 15, 1, 3, 6, 4, 5, 8, 3, 6, 3, 4, 2, 15, 6, 10, 5, 0, 6, 0, 4, 4, 9, 8, 4, 15, 3, 9, 2, 1, 1, 4, 0, 5, 12, 14, 3, 1, 13, 1, 0, 4, 4, 5, 12, 2, 4, 0, 4, 1, 6, 5, 12, 11, 10, 1, 13, 2, 8, 5, 14, 
>> seq 101
9, 0, 1, 1, 4, 9, 12, 11, 9, 2, 10, 1, 8, 3, 11, 1, 6, 7, 13, 8, 8, 8, 2, 2, 5, 2, 6, 2, 9, 3, 13, 10, 11, 11, 1, 2, 0, 8, 11, 1, 1, 14, 4, 0, 4, 10, 6, 3, 14, 11, 0, 6, 0, 7, 15, 9, 8, 0, 6, 2, 4, 9, 4, 5, 12, 4, 2, 10, 15, 8, 3, 6, 4, 5, 0, 3, 6, 3, 4, 2, 15, 6, 10, 5, 0, 6, 0, 4, 11, 8, 8, 4, 15, 3, 7, 2, 1, 1, 4, 0, 5, 12, 14, 3, 1, 13, 1, 0, 4, 4, 5, 12, 2, 4, 0, 4, 1, 6, 5, 12, 11, 10, 1, 13, 2, 8, 5, 14, 
>> seq 102
9, 0, 1, 1, 4, 9, 12, 11, 9, 2, 10, 1, 8, 3, 11, 1, 6, 7, 13, 8, 8, 8, 2, 2, 5, 2, 6, 2, 9, 3, 13, 10, 11, 11, 1, 2, 0, 8, 11, 0, 1, 14, 4, 0, 4, 10, 6, 3, 14, 11, 0, 6, 0, 7, 15, 9, 8, 0, 6, 2, 4, 9, 4, 5, 12, 4, 2, 10, 15, 8, 3, 6, 4, 5, 8, 3, 6, 3, 4, 2, 15, 6, 10, 5, 0, 6, 0, 4, 11, 8, 8, 4, 15, 3, 7, 2, 1, 1, 4, 0, 5, 12, 14, 3, 1, 13, 1, 0, 4, 4, 5, 12, 2, 4, 0, 4, 1, 6, 5, 12, 11, 10, 1, 13, 2, 8, 5, 14, 
>> seq 103
9, 0, 1, 1, 4, 9, 12, 4, 9, 2, 10, 1, 7, 3, 11, 1, 6, 7, 13, 8, 0, 8, 2, 2, 5, 2, 6, 2, 9, 3, 13, 10, 11, 11, 1, 2, 0, 8, 11, 1, 1, 14, 4, 0, 4, 10, 6, 3, 14, 4, 0, 6, 0, 7, 15, 9, 8, 0, 6, 2, 4, 9, 4, 5, 12, 4, 2, 10, 15, 1, 3, 8, 4, 5, 0, 3, 6, 3, 4, 2, 15, 6, 10, 5, 0, 6, 0, 4, 4, 8, 8, 4, 15, 3, 7, 2, 1, 1, 4, 0, 5, 12, 14, 3, 1, 13, 1, 0, 4, 4, 5, 12, 2, 4, 0, 4, 1, 6, 5, 12, 11, 10, 1, 6, 2, 8, 5, 14, 
>> seq 104
9, 0, 1, 1, 4, 9, 12, 4, 9, 2, 10, 1, 8, 3, 11, 1, 6, 7, 13, 8, 8, 8, 2, 2, 5, 2, 6, 2, 9, 3, 13, 10, 11, 11, 1, 2, 0, 8, 11, 1, 1, 14, 4, 0, 4, 10, 6, 3, 14, 4, 0, 6, 0, 7, 15, 9, 8, 0, 6, 2, 4, 9, 4, 5, 12, 4, 2, 10, 15, 8, 3, 8, 4, 5, 8, 3, 1, 3, 4, 2, 15, 6, 3, 5, 0, 6, 0, 4, 4, 8, 8, 4, 15, 3, 7, 2, 1, 1, 4, 0, 5, 12, 14, 3, 1, 13, 1, 0, 4, 4, 5, 12, 2, 4, 0, 4, 1, 6, 5, 12, 11, 10, 1, 6, 2, 8, 5, 4, 
>> seq 105
9, 0, 1, 1, 4, 9, 12, 4, 9, 2, 10, 1, 8, 3, 11, 1, 6, 7, 13, 8, 8, 8, 2, 2, 5, 2, 6, 2, 9, 3, 13, 10, 11, 11, 1, 2, 0, 8, 11, 1, 1, 14, 4, 0, 4, 10, 6, 3, 14, 4, 0, 6, 0, 7, 15, 9, 8, 0, 6, 2, 4, 9, 4, 5, 12, 4, 2, 10, 15, 8, 9, 8, 4, 5, 8, 3, 1, 10, 4, 2, 15, 6, 3, 5, 0, 6, 0, 4, 4, 8, 8, 4, 15, 3, 7, 2, 1, 1, 4, 0, 5, 12, 14, 8, 1, 13, 1, 0, 4, 4, 5, 12, 2, 4, 0, 4, 1, 6, 5, 12, 11, 10, 7, 6, 2, 8, 5, 4, 
>> seq 106
9, 0, 1, 1, 4, 9, 12, 4, 9, 2, 10, 1, 8, 3, 11, 1, 6, 7, 13, 8, 8, 8, 2, 2, 5, 2, 6, 2, 9, 3, 13, 10, 11, 11, 1, 2, 0, 8, 11, 1, 1, 14, 4, 0, 4, 10, 6, 3, 14, 4, 0, 6, 0, 7, 15, 9, 8, 0, 6, 2, 4, 9, 4, 5, 12, 4, 2, 10, 15, 8, 3, 8, 4, 5, 8, 3, 1, 3, 4, 2, 15, 6, 3, 5, 0, 6, 0, 4, 4, 8, 8, 4, 15, 3, 7, 2, 1, 1, 4, 0, 5, 12, 14, 3, 1, 11, 1, 0, 4, 4, 5, 12, 2, 4, 0, 4, 1, 6, 5, 12, 11, 11, 7, 13, 2, 8, 5, 4, 
>> seq 107
9, 0, 1, 1, 4, 9, 12, 4, 9, 2, 10, 1, 8, 3, 11, 1, 6, 7, 13, 8, 8, 8, 2, 2, 5, 2, 6, 2, 9, 3, 13, 10, 11, 11, 1, 2, 0, 8, 11, 1, 1, 14, 4, 0, 4, 10, 6, 3, 14, 4, 0, 6, 0, 7, 15, 9, 8, 0, 11, 2, 4, 9, 4, 5, 12, 4, 2, 10, 15, 8, 3, 6, 4, 5, 0, 3, 1, 3, 4, 2, 15, 6, 3, 5, 0, 6, 0, 4, 4, 8, 8, 4, 15, 3, 7, 2, 1, 1, 4, 0, 5, 12, 14, 3, 1, 11, 1, 0, 4, 4, 5, 12, 2, 4, 0, 4, 1, 6, 5, 12, 11, 11, 1, 13, 8, 8, 5, 14, 
>> seq 108
9, 0, 1, 1, 4, 9, 12, 4, 9, 2, 10, 1, 8, 3, 11, 1, 6, 7, 13, 8, 8, 8, 2, 2, 5, 2, 6, 2, 9, 3, 13, 10, 11, 11, 1, 2, 0, 8, 11, 1, 1, 14, 4, 0, 4, 10, 6, 3, 14, 4, 0, 6, 0, 7, 15, 9, 8, 0, 11, 2, 4, 9, 4, 5, 12, 4, 2, 10, 15, 8, 3, 6, 4, 5, 8, 3, 1, 3, 4, 2, 15, 6, 3, 5, 0, 6, 0, 4, 4, 8, 8, 4, 15, 3, 7, 2, 1, 1, 4, 0, 5, 12, 14, 3, 1, 11, 1, 0, 4, 4, 5, 12, 2, 4, 0, 4, 1, 6, 5, 12, 11, 11, 1, 13, 8, 8, 5, 14, 
>> seq 109
9, 0, 1, 1, 4, 9, 12, 4, 9, 2, 10, 1, 8, 3, 11, 1, 6, 7, 13, 8, 8, 8, 2, 2, 5, 2, 6, 2, 9, 3, 13, 10, 11, 11, 1, 2, 0, 8, 11, 1, 1, 14, 4, 0, 4, 10, 6, 3, 14, 4, 0, 6, 0, 7, 15, 9, 8, 0, 6, 2, 4, 9, 4, 5, 12, 4, 2, 10, 15, 8, 3, 8, 4, 5, 8, 3, 1, 3, 4, 2, 15, 6, 3, 5, 0, 6, 0, 4, 4, 8, 8, 4, 15, 3, 7, 2, 1, 1, 4, 0, 5, 12, 14, 3, 1, 11, 1, 0, 4, 4, 5, 12, 2, 4, 0, 4, 1, 6, 5, 12, 11, 11, 1, 13, 2, 8, 5, 4, 
>> seq 110
9, 0, 1, 1, 4, 9, 12, 4, 9, 2, 10, 1, 7, 3, 11, 1, 6, 7, 13, 8, 0, 8, 2, 2, 5, 2, 6, 2, 9, 3, 13, 10, 11, 11, 1, 2, 0, 8, 11, 1, 1, 14, 4, 0, 4, 10, 6, 3, 14, 4, 0, 6, 0, 7, 15, 9, 8, 0, 6, 2, 4, 9, 4, 5, 12, 4, 2, 10, 15, 1, 3, 6, 4, 5, 8, 3, 1, 3, 4, 2, 15, 6, 3, 5, 0, 6, 0, 4, 4, 8, 8, 4, 15, 3, 7, 2, 1, 1, 4, 0, 5, 12, 14, 3, 1, 11, 1, 0, 4, 4, 5, 12, 2, 4, 0, 4, 1, 6, 5, 12, 11, 11, 1, 13, 2, 8, 5, 4, 
>> seq 111
9, 0, 1, 1, 4, 9, 12, 4, 9, 2, 10, 1, 8, 3, 11, 1, 6, 7, 13, 8, 8, 8, 2, 2, 5, 2, 6, 2, 9, 3, 13, 10, 11, 11, 1, 2, 0, 8, 11, 1, 1, 14, 4, 0, 4, 10, 6, 3, 14, 4, 0, 6, 0, 7, 15, 9, 8, 0, 6, 2, 4, 9, 4, 5, 12, 4, 2, 10, 15, 8, 3, 6, 4, 5, 8, 3, 1, 3, 4, 2, 15, 6, 3, 5, 0, 6, 0, 4, 4, 8, 8, 4, 15, 3, 7, 2, 1, 1, 4, 0, 5, 12, 14, 3, 1, 11, 1, 0, 4, 4, 5, 12, 2, 4, 0, 4, 1, 6, 5, 12, 11, 11, 1, 13, 2, 8, 5, 4, 
>> seq 112
9, 0, 1, 1, 4, 9, 12, 4, 9, 2, 10, 1, 8, 3, 11, 1, 6, 7, 13, 8, 8, 8, 2, 2, 5, 2, 6, 2, 9, 3, 13, 13, 11, 11, 1, 2, 0, 8, 11, 1, 1, 14, 4, 0, 4, 3, 6, 3, 14, 4, 0, 6, 0, 7, 15, 9, 8, 0, 6, 2, 4, 9, 4, 5, 12, 4, 2, 10, 15, 8, 3, 6, 4, 5, 8, 3, 1, 3, 4, 2, 15, 6, 3, 5, 0, 6, 0, 4, 4, 8, 8, 4, 15, 3, 7, 2, 1, 1, 4, 0, 5, 12, 14, 3, 1, 11, 1, 0, 4, 4, 5, 12, 2, 4, 0, 4, 1, 6, 5, 12, 11, 11, 1, 13, 2, 8, 5, 4, 
>> seq 113
9, 0, 1, 1, 4, 9, 12, 4, 9, 2, 10, 1, 8, 3, 11, 1, 6, 7, 13, 8, 8, 8, 2, 2, 5, 2, 6, 2, 9, 3, 13, 13, 11, 11, 1, 2, 0, 8, 11, 1, 1, 14, 4, 0, 4, 3, 6, 3, 14, 4, 0, 6, 0, 7, 15, 9, 8, 0, 6, 2, 4, 9, 4, 5, 12, 4, 2, 10, 15, 8, 3, 8, 4, 5, 8, 3, 6, 3, 4, 2, 15, 6, 3, 5, 0, 6, 0, 4, 4, 8, 8, 4, 15, 3, 7, 2, 1, 1, 4, 0, 5, 12, 14, 3, 1, 11, 1, 0, 4, 4, 5, 12, 2, 4, 0, 4, 1, 6, 5, 12, 11, 11, 1, 13, 2, 8, 5, 14, 
>> seq 114
9, 0, 1, 1, 4, 9, 12, 4, 9, 2, 10, 1, 7, 3, 11, 1, 6, 7, 13, 8, 0, 8, 2, 2, 5, 2, 6, 2, 9, 3, 13, 4, 11, 11, 1, 2, 0, 8, 11, 0, 1, 14, 4, 0, 4, 14, 6, 3, 14, 4, 0, 6, 0, 7, 15, 9, 8, 0, 6, 2, 4, 9, 4, 5, 12, 4, 2, 10, 15, 1, 3, 8, 4, 5, 8, 3, 6, 3, 4, 2, 15, 6, 3, 5, 0, 6, 0, 4, 4, 9, 8, 4, 15, 3, 9, 2, 1, 1, 4, 0, 5, 12, 14, 3, 1, 13, 1, 0, 4, 4, 5, 12, 2, 4, 0, 4, 1, 6, 5, 12, 11, 10, 1, 6, 2, 8, 5, 4, 
>> seq 115
9, 0, 1, 1, 4, 9, 12, 4, 9, 2, 10, 1, 7, 3, 11, 1, 6, 7, 13, 8, 0, 8, 2, 2, 5, 2, 6, 2, 9, 3, 13, 4, 11, 11, 1, 2, 0, 8, 11, 1, 1, 14, 4, 0, 4, 14, 6, 3, 14, 4, 0, 6, 0, 7, 15, 9, 8, 0, 6, 2, 4, 9, 4, 5, 12, 4, 2, 10, 15, 1, 3, 8, 4, 5, 8, 3, 6, 3, 4, 2, 15, 6, 3, 5, 0, 6, 0, 4, 4, 9, 8, 4, 15, 3, 9, 2, 1, 1, 4, 0, 5, 12, 14, 3, 1, 13, 1, 0, 4, 4, 5, 12, 2, 4, 0, 4, 1, 6, 5, 12, 11, 10, 1, 6, 2, 8, 5, 4, 
>> seq 116
9, 0, 1, 1, 4, 9, 12, 4, 9, 2, 10, 1, 7, 3, 11, 1, 6, 7, 13, 8, 0, 8, 2, 2, 5, 2, 6, 2, 9, 3, 13, 4, 11, 11, 1, 2, 0, 8, 11, 1, 1, 14, 4, 0, 4, 14, 6, 3, 14, 4, 0, 6, 0, 7, 15, 9, 8, 0, 6, 2, 4, 9, 4, 5, 12, 4, 2, 10, 15, 1, 3, 8, 4, 5, 8, 3, 6, 3, 4, 2, 15, 6, 3, 5, 0, 6, 0, 4, 4, 9, 8, 4, 15, 3, 9, 2, 1, 1, 4, 0, 5, 12, 14, 3, 1, 13, 1, 0, 4, 4, 5, 12, 2, 4, 0, 4, 1, 6, 5, 12, 11, 10, 1, 6, 2, 8, 5, 4, 
>> seq 117
9, 0, 1, 1, 4, 9, 12, 4, 9, 2, 10, 1, 7, 3, 11, 1, 6, 7, 13, 8, 0, 8, 2, 2, 5, 2, 6, 2, 9, 3, 13, 4, 11, 11, 1, 2, 0, 8, 11, 1, 1, 14, 4, 0, 4, 14, 6, 3, 14, 4, 0, 6, 0, 7, 15, 9, 8, 0, 6, 2, 4, 9, 4, 5, 12, 4, 2, 10, 15, 1, 3, 8, 4, 5, 8, 3, 6, 3, 4, 2, 15, 6, 3, 5, 0, 6, 0, 4, 4, 9, 8, 4, 15, 3, 9, 2, 1, 1, 4, 0, 5, 12, 14, 3, 1, 13, 1, 0, 4, 4, 5, 12, 2, 4, 0, 4, 1, 6, 5, 12, 11, 10, 7, 6, 2, 8, 5, 4, 
>> seq 118
9, 0, 1, 1, 4, 9, 12, 4, 9, 2, 10, 1, 7, 3, 11, 1, 6, 7, 13, 8, 0, 8, 2, 2, 5, 2, 6, 2, 9, 3, 13, 4, 11, 11, 1, 2, 0, 8, 11, 1, 1, 14, 4, 0, 4, 14, 6, 3, 14, 4, 0, 6, 0, 7, 15, 9, 8, 0, 6, 2, 4, 9, 4, 5, 12, 4, 2, 10, 15, 1, 3, 8, 4, 5, 8, 3, 1, 3, 4, 2, 15, 6, 3, 5, 0, 6, 0, 4, 4, 9, 8, 4, 15, 3, 9, 2, 1, 1, 4, 0, 5, 12, 14, 3, 1, 13, 1, 0, 4, 4, 5, 12, 2, 4, 0, 4, 1, 6, 5, 12, 11, 10, 7, 6, 2, 8, 5, 4, 
>> seq 119
9, 0, 1, 1, 4, 9, 12, 4, 9, 2, 10, 1, 7, 3, 11, 1, 6, 7, 13, 8, 0, 8, 2, 2, 5, 2, 6, 2, 9, 3, 13, 4, 11, 11, 1, 2, 0, 8, 11, 1, 1, 14, 4, 0, 4, 14, 6, 3, 14, 4, 0, 6, 0, 7, 15, 9, 8, 0, 6, 2, 4, 9, 4, 5, 12, 4, 2, 10, 15, 1, 3, 8, 4, 5, 8, 3, 1, 3, 4, 2, 15, 6, 3, 5, 0, 6, 0, 4, 4, 9, 8, 4, 15, 3, 9, 2, 1, 1, 4, 0, 5, 12, 14, 3, 1, 13, 1, 0, 4, 4, 5, 12, 2, 4, 0, 4, 1, 6, 5, 12, 11, 10, 7, 6, 2, 8, 5, 4, 
>> seq 120
9, 0, 1, 1, 4, 9, 12, 4, 9, 2, 10, 1, 7, 3, 11, 1, 6, 7, 13, 8, 0, 8, 2, 2, 5, 2, 6, 2, 9, 3, 13, 4, 11, 11, 1, 2, 0, 8, 11, 1, 1, 14, 4, 0, 4, 14, 6, 3, 14, 4, 0, 6, 0, 7, 15, 9, 8, 0, 6, 2, 4, 9, 4, 5, 12, 4, 2, 10, 15, 1, 3, 8, 4, 5, 8, 3, 1, 3, 4, 2, 15, 6, 3, 5, 0, 6, 0, 4, 4, 14, 8, 4, 15, 3, 7, 2, 1, 1, 4, 0, 5, 12, 14, 3, 1, 13, 1, 0, 4, 4, 5, 12, 2, 4, 0, 4, 1, 6, 5, 12, 11, 10, 1, 6, 2, 8, 5, 4, 
>> seq 121
9, 0, 1, 1, 4, 9, 12, 4, 9, 2, 10, 1, 7, 3, 11, 1, 6, 1, 13, 8, 0, 8, 2, 2, 5, 2, 6, 2, 9, 3, 13, 4, 11, 11, 1, 2, 0, 8, 11, 1, 1, 14, 4, 0, 4, 14, 6, 3, 14, 4, 0, 6, 0, 7, 15, 9, 8, 0, 6, 2, 4, 9, 4, 5, 12, 4, 2, 10, 15, 1, 3, 8, 4, 5, 8, 3, 1, 3, 4, 2, 15, 6, 3, 5, 0, 6, 0, 4, 4, 14, 8, 4, 15, 3, 7, 2, 1, 1, 4, 0, 5, 12, 14, 3, 1, 13, 1, 0, 4, 4, 5, 12, 2, 4, 0, 4, 1, 6, 5, 12, 11, 10, 1, 6, 2, 8, 5, 4, 
>> seq 122
9, 0, 1, 1, 4, 9, 12, 4, 9, 2, 10, 1, 7, 3, 11, 1, 6, 1, 13, 8, 0, 8, 2, 2, 5, 2, 6, 2, 9, 3, 13, 4, 11, 11, 1, 2, 0, 8, 11, 1, 1, 14, 4, 0, 4, 14, 6, 3, 14, 4, 0, 6, 0, 7, 15, 9, 8, 0, 6, 2, 4, 9, 4, 5, 12, 4, 2, 10, 15, 1, 3, 8, 4, 5, 8, 3, 1, 3, 4, 2, 15, 6, 3, 5, 0, 6, 0, 4, 4, 14, 8, 4, 15, 3, 7, 2, 1, 1, 4, 0, 5, 12, 14, 3, 1, 13, 1, 0, 4, 4, 5, 12, 2, 4, 0, 4, 1, 6, 5, 12, 11, 10, 1, 6, 2, 8, 5, 4, 
>> seq 123
9, 0, 1, 1, 4, 9, 12, 4, 9, 2, 10, 1, 7, 3, 11, 1, 6, 12, 13, 3, 0, 8, 2, 2, 5, 2, 6, 2, 9, 3, 13, 4, 11, 11, 1, 2, 0, 8, 11, 1, 1, 14, 4, 0, 4, 14, 6, 12, 14, 4, 0, 6, 0, 7, 15, 9, 8, 0, 6, 2, 4, 9, 4, 5, 12, 4, 2, 10, 15, 1, 3, 8, 4, 5, 0, 3, 1, 3, 4, 2, 15, 6, 3, 5, 0, 6, 0, 4, 4, 14, 8, 4, 15, 3, 7, 2, 1, 1, 4, 3, 5, 12, 14, 3, 1, 13, 1, 0, 4, 4, 5, 12, 2, 4, 0, 4, 1, 6, 5, 12, 11, 10, 1, 6, 0, 8, 5, 4, 
>> seq 124
9, 0, 1, 1, 4, 9, 12, 4, 9, 2, 10, 1, 7, 3, 11, 1, 6, 12, 13, 3, 0, 8, 2, 2, 5, 2, 6, 2, 9, 3, 13, 4, 11, 11, 1, 2, 0, 8, 11, 1, 1, 14, 4, 0, 4, 14, 6, 12, 14, 4, 0, 6, 0, 7, 15, 9, 8, 0, 6, 2, 4, 9, 4, 5, 12, 4, 2, 10, 15, 1, 3, 8, 4, 5, 0, 3, 1, 3, 4, 2, 15, 6, 3, 5, 0, 6, 0, 4, 4, 14, 8, 4, 15, 3, 7, 2, 1, 1, 4, 3, 5, 12, 14, 3, 1, 13, 1, 0, 4, 4, 5, 12, 2, 4, 0, 4, 1, 6, 5, 12, 11, 10, 1, 6, 0, 8, 5, 4, 
>> seq 125
9, 0, 1, 1, 4, 9, 12, 4, 9, 2, 10, 1, 7, 3, 11, 1, 6, 12, 13, 3, 0, 8, 2, 2, 5, 2, 6, 2, 9, 3, 13, 10, 11, 11, 1, 2, 0, 8, 11, 1, 1, 14, 4, 0, 4, 10, 6, 12, 14, 4, 0, 6, 0, 7, 15, 9, 8, 0, 6, 2, 4, 9, 4, 5, 12, 4, 2, 10, 15, 1, 3, 8, 4, 5, 0, 3, 1, 3, 4, 2, 15, 6, 3, 5, 0, 6, 0, 4, 4, 14, 8, 4, 15, 3, 7, 2, 1, 1, 4, 3, 5, 12, 14, 3, 1, 13, 1, 0, 4, 4, 5, 12, 2, 4, 0, 4, 1, 6, 5, 12, 11, 10, 1, 6, 2, 8, 5, 4, 
>> seq 126
9, 0, 1, 1, 4, 9, 12, 4, 9, 2, 10, 1, 7, 3, 11, 1, 6, 7, 13, 3, 0, 8, 2, 2, 5, 2, 6, 2, 9, 3, 13, 10, 11, 11, 1, 2, 0, 8, 11, 1, 1, 14, 4, 0, 4, 10, 6, 12, 14, 4, 0, 6, 0, 7, 15, 9, 8, 0, 6, 2, 4, 9, 4, 5, 12, 4, 2, 10, 15, 1, 3, 8, 4, 5, 8, 3, 1, 3, 4, 2, 15, 6, 3, 5, 0, 6, 0, 4, 4, 14, 8, 4, 15, 3, 7, 2, 1, 1, 4, 3, 5, 12, 14, 3, 1, 13, 1, 0, 4, 4, 5, 12, 2, 4, 0, 4, 1, 6, 5, 12, 11, 10, 7, 6, 2, 8, 5, 14, 
>> seq 127
9, 0, 1, 1, 4, 9, 12, 4, 9, 2, 10, 1, 7, 3, 11, 1, 6, 7, 13, 3, 0, 8, 2, 2, 5, 2, 6, 2, 9, 3, 13, 10, 11, 11, 1, 2, 0, 8, 11, 1, 1, 14, 4, 0, 4, 10, 6, 12, 14, 4, 0, 6, 0, 7, 15, 9, 8, 0, 6, 2, 4, 9, 4, 5, 12, 4, 2, 10, 15, 1, 3, 8, 4, 5, 8, 3, 1, 3, 4, 2, 15, 6, 3, 5, 0, 6, 0, 4, 4, 14, 8, 4, 15, 3, 7, 2, 1, 1, 4, 3, 5, 12, 14, 3, 1, 13, 1, 0, 4, 4, 5, 12, 2, 4, 0, 4, 1, 6, 5, 12, 11, 10, 7, 6, 2, 8, 5, 14, 
>> seq 128
9, 0, 1, 1, 4, 9, 12, 4, 9, 2, 10, 1, 7, 3, 11, 1, 6, 7, 13, 3, 0, 8, 2, 2, 5, 2, 6, 2, 9, 3, 13, 10, 11, 11, 1, 2, 0, 8, 11, 1, 1, 14, 4, 0, 4, 10, 6, 12, 14, 4, 0, 6, 0, 7, 15, 9, 8, 0, 6, 2, 4, 9, 4, 5, 12, 4, 2, 10, 15, 1, 3, 8, 4, 5, 8, 3, 1, 3, 4, 2, 15, 6, 3, 5, 0, 6, 0, 4, 4, 9, 8, 4, 15, 3, 9, 2, 1, 1, 4, 3, 5, 12, 14, 3, 1, 13, 1, 0, 4, 4, 5, 12, 2, 4, 0, 4, 1, 6, 5, 12, 11, 10, 7, 6, 2, 8, 5, 4, 
>> seq 129
9, 0, 1, 1, 4, 9, 12, 4, 9, 2, 10, 1, 7, 3, 11, 1, 6, 7, 13, 3, 0, 8, 2, 2, 5, 2, 6, 2, 9, 3, 13, 10, 11, 11, 1, 2, 0, 8, 11, 1, 1, 4, 4, 0, 4, 10, 6, 12, 14, 4, 0, 6, 0, 7, 15, 9, 8, 0, 6, 2, 4, 9, 4, 5, 12, 4, 2, 10, 15, 1, 3, 8, 4, 5, 8, 3, 1, 3, 4, 2, 15, 6, 3, 5, 0, 6, 0, 4, 4, 9, 8, 4, 15, 3, 9, 2, 1, 1, 4, 3, 5, 12, 14, 3, 1, 13, 1, 0, 4, 4, 5, 12, 2, 4, 0, 4, 1, 6, 5, 12, 11, 10, 7, 6, 2, 8, 5, 4, 
>> seq 130
9, 0, 1, 1, 4, 9, 12, 11, 9, 2, 10, 1, 7, 3, 11, 1, 6, 7, 13, 3, 0, 8, 2, 2, 5, 2, 6, 2, 9, 3, 13, 10, 11, 11, 1, 2, 0, 8, 11, 0, 1, 4, 4, 0, 4, 10, 6, 12, 14, 11, 0, 6, 0, 7, 15, 9, 8, 0, 6, 2, 4, 9, 4, 5, 12, 4, 12, 10, 15, 1, 3, 8, 4, 5, 8, 3, 6, 3, 4, 2, 15, 6, 3, 5, 0, 6, 0, 4, 11, 9, 8, 4, 15, 3, 9, 2, 1, 1, 4, 3, 5, 12, 14, 3, 1, 13, 1, 0, 4, 4, 5, 12, 2, 4, 0, 4, 1, 6, 5, 12, 11, 10, 7, 6, 2, 8, 5, 14, 
>> seq 131
9, 0, 1, 1, 4, 9, 12, 11, 9, 2, 10, 1, 7, 3, 11, 1, 6, 7, 13, 3, 0, 8, 2, 2, 5, 2, 6, 2, 9, 3, 13, 10, 11, 11, 1, 2, 0, 8, 11, 0, 1, 4, 4, 0, 4, 10, 6, 12, 14, 11, 0, 6, 0, 7, 15, 9, 8, 0, 6, 2, 4, 9, 4, 5, 12, 4, 2, 10, 15, 1, 3, 8, 4, 5, 8, 3, 6, 3, 4, 2, 15, 6, 3, 5, 0, 6, 0, 4, 11, 9, 8, 4, 15, 3, 9, 2, 1, 1, 4, 3, 5, 12, 14, 3, 1, 13, 1, 0, 4, 4, 5, 12, 2, 4, 0, 4, 1, 6, 5, 12, 11, 10, 1, 6, 2, 8, 5, 14, 
>> seq 132
9, 0, 1, 1, 4, 9, 12, 11, 9, 2, 10, 1, 7, 3, 11, 1, 6, 7, 13, 3, 0, 8, 2, 2, 5, 2, 6, 2, 9, 3, 13, 10, 11, 11, 1, 2, 0, 8, 11, 1, 1, 4, 4, 0, 4, 10, 6, 12, 14, 11, 0, 6, 0, 7, 15, 9, 8, 0, 6, 2, 4, 9, 4, 5, 12, 4, 2, 10, 15, 1, 3, 8, 4, 5, 8, 3, 6, 3, 4, 2, 15, 6, 3, 5, 0, 6, 0, 4, 11, 8, 8, 4, 15, 3, 7, 2, 1, 1, 4, 3, 5, 12, 14, 3, 1, 13, 1, 0, 4, 4, 5, 12, 2, 4, 0, 4, 1, 6, 5, 12, 11, 10, 1, 6, 2, 8, 5, 14, 
>> seq 133
9, 0, 1, 1, 4, 9, 12, 11, 9, 2, 10, 1, 7, 3, 11, 1, 6, 7, 13, 3, 0, 8, 2, 2, 5, 2, 6, 2, 9, 3, 13, 10, 11, 11, 1, 2, 0, 8, 11, 0, 1, 4, 4, 0, 4, 10, 6, 12, 14, 11, 0, 6, 0, 7, 15, 9, 8, 0, 6, 2, 4, 9, 4, 5, 12, 4, 2, 10, 15, 1, 3, 8, 4, 5, 8, 3, 6, 3, 4, 2, 15, 6, 3, 5, 0, 6, 0, 4, 11, 8, 8, 4, 15, 3, 7, 2, 1, 1, 4, 3, 5, 12, 14, 3, 1, 13, 1, 0, 4, 4, 5, 12, 2, 4, 0, 4, 1, 6, 5, 12, 11, 10, 7, 6, 2, 8, 5, 14, 
>> seq 134
9, 0, 1, 1, 4, 9, 12, 11, 9, 2, 10, 1, 7, 3, 11, 1, 6, 7, 13, 3, 0, 8, 2, 2, 5, 2, 6, 2, 9, 3, 13, 10, 11, 11, 1, 2, 0, 8, 11, 0, 1, 4, 4, 0, 4, 10, 6, 12, 14, 11, 0, 6, 0, 7, 15, 9, 8, 0, 6, 2, 4, 9, 4, 5, 12, 4, 2, 10, 15, 1, 3, 8, 4, 5, 8, 3, 6, 3, 4, 2, 15, 6, 3, 5, 0, 6, 0, 4, 11, 8, 8, 4, 15, 3, 7, 2, 1, 1, 4, 3, 5, 12, 14, 3, 1, 13, 1, 0, 4, 4, 5, 12, 2, 4, 0, 4, 1, 6, 5, 12, 11, 10, 7, 6, 2, 8, 5, 14, 
>> seq 135
9, 0, 1, 1, 4, 9, 12, 11, 9, 2, 10, 1, 7, 3, 11, 1, 6, 7, 13, 3, 0, 8, 2, 2, 5, 2, 6, 2, 9, 3, 13, 10, 11, 11, 1, 2, 0, 8, 11, 0, 1, 4, 4, 0, 4, 10, 6, 12, 14, 11, 0, 6, 0, 7, 15, 9, 8, 0, 6, 2, 4, 9, 4, 5, 12, 4, 2, 10, 15, 1, 3, 8, 4, 5, 8, 3, 6, 3, 4, 2, 15, 6, 3, 5, 0, 6, 0, 4, 11, 8, 8, 4, 15, 3, 7, 2, 1, 1, 4, 3, 5, 12, 14, 3, 1, 13, 1, 0, 4, 4, 5, 12, 2, 4, 0, 4, 1, 6, 5, 12, 11, 10, 1, 6, 2, 8, 5, 14, 
>> seq 136
9, 0, 1, 1, 4, 9, 12, 11, 9, 2, 10, 1, 7, 3, 11, 1, 6, 7, 13, 3, 0, 8, 2, 2, 5, 2, 6, 2, 9, 3, 13, 10, 11, 11, 1, 2, 0, 8, 11, 0, 1, 4, 4, 0, 4, 10, 6, 12, 14, 11, 0, 6, 0, 7, 15, 9, 8, 0, 6, 2, 4, 9, 4, 5, 12, 4, 2, 10, 15, 1, 3, 8, 4, 5, 8, 3, 6, 3, 4, 2, 15, 6, 3, 5, 0, 6, 0, 4, 11, 8, 8, 4, 15, 3, 7, 2, 1, 1, 4, 3, 5, 12, 14, 3, 1, 13, 1, 0, 4, 4, 5, 12, 2, 4, 0, 4, 1, 6, 5, 12, 11, 10, 1, 6, 2, 8, 5, 14, 
>> seq 137
9, 0, 1, 1, 4, 9, 12, 11, 9, 2, 10, 1, 7, 3, 11, 1, 6, 7, 13, 3, 0, 8, 2, 2, 5, 2, 6, 2, 9, 3, 13, 10, 11, 11, 1, 2, 0, 8, 11, 0, 1, 4, 4, 0, 4, 10, 6, 12, 14, 11, 0, 6, 0, 7, 15, 9, 8, 0, 6, 2, 4, 9, 4, 5, 12, 4, 2, 10, 15, 1, 3, 8, 4, 5, 8, 3, 6, 3, 4, 2, 15, 6, 3, 5, 0, 6, 0, 4, 11, 8, 8, 4, 15, 3, 7, 2, 1, 1, 4, 3, 5, 12, 14, 3, 1, 13, 1, 0, 4, 4, 5, 12, 2, 4, 0, 4, 1, 6, 5, 12, 11, 10, 1, 13, 2, 8, 5, 14, 
>> seq 138
9, 0, 1, 1, 4, 9, 12, 11, 9, 2, 10, 1, 7, 3, 11, 1, 6, 7, 13, 3, 0, 8, 2, 2, 5, 2, 6, 2, 9, 3, 13, 10, 11, 11, 1, 2, 0, 8, 11, 0, 1, 4, 4, 0, 4, 10, 6, 12, 14, 11, 0, 6, 0, 7, 15, 9, 8, 0, 6, 2, 4, 9, 4, 5, 12, 4, 2, 10, 15, 1, 3, 8, 4, 5, 8, 3, 6, 3, 4, 2, 15, 6, 3, 5, 0, 6, 0, 4, 11, 8, 8, 4, 15, 3, 7, 2, 1, 1, 4, 3, 5, 12, 14, 3, 1, 13, 1, 0, 4, 4, 5, 12, 2, 4, 0, 4, 1, 6, 5, 12, 11, 10, 1, 13, 2, 8, 5, 14, 
>> seq 139
9, 0, 1, 1, 4, 9, 12, 11, 9, 2, 10, 1, 7, 3, 11, 1, 6, 7, 13, 3, 0, 8, 2, 2, 5, 2, 6, 2, 9, 3, 13, 10, 11, 11, 1, 2, 0, 8, 11, 0, 1, 4, 4, 0, 4, 10, 6, 12, 14, 11, 0, 6, 0, 7, 15, 9, 8, 0, 6, 2, 4, 9, 4, 5, 12, 4, 2, 10, 15, 1, 3, 8, 4, 5, 8, 3, 6, 3, 4, 2, 15, 6, 3, 5, 0, 6, 0, 4, 11, 8, 8, 4, 15, 3, 7, 2, 1, 1, 4, 3, 5, 12, 14, 3, 1, 13, 1, 0, 4, 4, 5, 12, 2, 4, 0, 4, 1, 6, 5, 12, 11, 10, 1, 13, 2, 8, 5, 14, 
>> seq 140
9, 0, 1, 1, 4, 9, 12, 11, 9, 2, 10, 1, 7, 3, 11, 1, 6, 7, 13, 3, 0, 8, 2, 2, 5, 2, 6, 2, 9, 3, 13, 10, 11, 11, 1, 2, 0, 8, 11, 0, 1, 4, 4, 0, 4, 10, 6, 12, 14, 11, 0, 6, 0, 7, 15, 9, 8, 0, 6, 2, 4, 9, 4, 5, 12, 4, 2, 10, 15, 1, 3, 8, 4, 5, 8, 3, 6, 3, 4, 2, 15, 6, 3, 5, 0, 6, 0, 4, 11, 8, 8, 4, 15, 3, 7, 2, 1, 1, 4, 3, 5, 12, 14, 3, 1, 13, 1, 0, 4, 4, 5, 12, 2, 4, 0, 4, 1, 6, 5, 12, 11, 10, 1, 13, 2, 8, 5, 14, 
>> seq 141
9, 0, 1, 1, 4, 9, 12, 11, 9, 2, 10, 1, 8, 3, 11, 1, 6, 7, 13, 3, 8, 8, 2, 2, 5, 2, 6, 2, 9, 3, 13, 10, 11, 11, 1, 2, 0, 8, 11, 0, 1, 4, 4, 0, 4, 10, 6, 12, 14, 11, 0, 6, 0, 7, 15, 9, 8, 0, 6, 2, 4, 9, 4, 5, 12, 4, 2, 10, 15, 8, 3, 8, 4, 5, 8, 3, 6, 3, 4, 2, 15, 6, 10, 5, 0, 6, 0, 4, 11, 8, 8, 4, 15, 3, 7, 2, 1, 1, 4, 3, 5, 12, 14, 3, 1, 13, 4, 0, 4, 4, 5, 12, 2, 4, 0, 4, 1, 6, 5, 12, 11, 10, 7, 13, 2, 8, 5, 14, 
>> seq 142
9, 0, 1, 1, 4, 9, 12, 11, 9, 2, 10, 1, 7, 3, 11, 1, 6, 7, 13, 3, 0, 8, 2, 2, 5, 2, 6, 2, 9, 3, 13, 10, 11, 11, 1, 2, 0, 8, 11, 0, 1, 4, 4, 0, 4, 10, 6, 12, 14, 11, 0, 6, 0, 7, 15, 9, 8, 0, 6, 2, 4, 9, 4, 5, 12, 4, 2, 10, 15, 1, 3, 8, 4, 5, 8, 3, 6, 3, 4, 2, 15, 6, 10, 5, 0, 6, 0, 4, 11, 8, 8, 4, 15, 3, 7, 2, 1, 1, 4, 3, 5, 12, 14, 3, 1, 13, 4, 0, 4, 4, 5, 12, 2, 4, 0, 4, 1, 6, 5, 12, 11, 10, 7, 13, 2, 8, 5, 14, 
>> seq 143
9, 0, 1, 1, 4, 9, 12, 11, 9, 2, 10, 1, 7, 3, 11, 1, 6, 7, 13, 3, 0, 8, 2, 2, 5, 2, 6, 2, 9, 3, 13, 10, 11, 11, 1, 2, 0, 8, 11, 0, 1, 14, 4, 0, 4, 10, 6, 12, 14, 11, 0, 6, 0, 7, 15, 9, 8, 0, 6, 2, 4, 9, 4, 5, 12, 4, 2, 10, 15, 1, 3, 8, 4, 5, 8, 3, 6, 3, 4, 2, 15, 6, 10, 5, 0, 6, 0, 4, 11, 8, 8, 4, 15, 3, 7, 2, 1, 1, 4, 3, 5, 12, 14, 3, 1, 13, 4, 0, 4, 4, 5, 12, 2, 4, 0, 4, 1, 6, 5, 12, 11, 10, 7, 13, 2, 8, 5, 14, 
>> seq 144
9, 0, 1, 1, 4, 9, 12, 11, 9, 2, 10, 1, 8, 3, 11, 1, 6, 7, 13, 3, 2, 8, 2, 2, 5, 2, 6, 2, 9, 3, 13, 10, 11, 11, 1, 2, 0, 8, 11, 0, 1, 14, 4, 11, 4, 10, 6, 12, 14, 11, 0, 6, 0, 7, 15, 9, 8, 0, 6, 2, 4, 9, 4, 5, 12, 4, 2, 10, 15, 8, 3, 8, 4, 5, 8, 3, 6, 3, 4, 2, 15, 6, 10, 5, 0, 6, 0, 2, 11, 8, 8, 4, 15, 3, 7, 2, 1, 1, 4, 3, 5, 12, 14, 3, 1, 13, 4, 0, 4, 4, 5, 12, 2, 4, 0, 4, 1, 6, 5, 12, 11, 10, 7, 13, 2, 8, 5, 14, 
>> seq 145
9, 0, 1, 1, 4, 9, 12, 11, 9, 2, 10, 1, 8, 3, 11, 1, 6, 7, 13, 3, 2, 8, 2, 2, 5, 2, 6, 2, 9, 3, 13, 10, 11, 11, 1, 2, 0, 8, 11, 0, 1, 4, 4, 9, 4, 10, 6, 12, 14, 11, 0, 6, 0, 7, 15, 9, 8, 0, 6, 2, 4, 9, 4, 5, 12, 4, 2, 10, 15, 8, 3, 8, 4, 5, 8, 3, 6, 3, 4, 2, 15, 6, 10, 5, 0, 6, 0, 2, 11, 8, 8, 4, 15, 3, 7, 2, 1, 1, 4, 3, 5, 12, 14, 3, 1, 13, 4, 0, 4, 4, 5, 12, 2, 4, 0, 4, 1, 6, 5, 12, 11, 10, 7, 13, 8, 8, 5, 14, 
>> seq 146
9, 0, 1, 1, 4, 9, 12, 4, 9, 2, 10, 1, 8, 3, 11, 1, 6, 7, 13, 3, 8, 8, 2, 2, 5, 2, 6, 2, 9, 3, 13, 10, 11, 11, 1, 2, 0, 8, 11, 0, 1, 4, 4, 0, 4, 10, 6, 12, 14, 4, 0, 6, 0, 7, 15, 9, 8, 0, 6, 2, 4, 9, 4, 5, 12, 4, 2, 10, 15, 8, 3, 8, 4, 5, 8, 3, 6, 3, 4, 2, 15, 6, 10, 5, 0, 6, 0, 4, 4, 8, 8, 4, 15, 3, 7, 2, 1, 1, 4, 3, 5, 12, 14, 3, 1, 13, 1, 0, 4, 4, 5, 12, 2, 4, 0, 4, 1, 6, 5, 12, 11, 10, 7, 13, 2, 8, 5, 14, 
>> seq 147
9, 0, 1, 1, 4, 9, 12, 11, 9, 2, 10, 1, 8, 3, 11, 1, 6, 7, 13, 3, 8, 8, 2, 2, 5, 2, 6, 2, 9, 3, 13, 10, 11, 11, 1, 2, 0, 8, 11, 0, 1, 4, 4, 0, 4, 10, 6, 12, 14, 11, 0, 6, 0, 7, 15, 9, 8, 0, 6, 2, 4, 9, 4, 5, 12, 4, 2, 10, 15, 8, 3, 8, 4, 5, 8, 3, 6, 3, 4, 2, 15, 6, 10, 5, 0, 6, 0, 4, 11, 8, 8, 4, 15, 3, 7, 2, 1, 1, 4, 3, 5, 12, 14, 3, 1, 13, 1, 0, 4, 4, 5, 12, 2, 4, 0, 4, 1, 6, 5, 12, 11, 10, 1, 13, 2, 8, 5, 14, 
>> seq 148
12, 0, 1, 1, 4, 9, 12, 11, 9, 2, 10, 1, 8, 3, 11, 1, 6, 7, 13, 3, 2, 8, 2, 2, 5, 2, 6, 2, 9, 3, 13, 10, 11, 11, 1, 2, 0, 8, 11, 0, 1, 4, 4, 9, 4, 10, 6, 12, 14, 11, 0, 6, 0, 7, 15, 9, 8, 0, 6, 2, 4, 9, 4, 5, 12, 4, 2, 10, 15, 8, 3, 8, 4, 5, 8, 3, 6, 3, 4, 2, 15, 6, 10, 5, 0, 6, 0, 8, 11, 8, 8, 4, 15, 3, 7, 2, 1, 1, 4, 3, 5, 12, 14, 3, 1, 13, 1, 0, 4, 4, 5, 12, 2, 4, 0, 4, 1, 6, 5, 12, 11, 10, 1, 13, 8, 8, 5, 14, 
>> seq 149
9, 0, 1, 1, 4, 9, 12, 11, 9, 2, 10, 1, 8, 3, 11, 1, 6, 7, 13, 3, 2, 8, 2, 2, 5, 2, 6, 2, 9, 3, 13, 10, 11, 11, 1, 2, 0, 8, 11, 0, 1, 4, 4, 9, 4, 10, 6, 12, 14, 11, 0, 6, 0, 7, 15, 9, 8, 0, 6, 2, 4, 9, 4, 5, 12, 4, 2, 10, 15, 8, 3, 8, 4, 5, 8, 3, 6, 3, 4, 2, 15, 6, 10, 5, 0, 6, 0, 8, 11, 8, 8, 4, 15, 3, 7, 2, 1, 1, 4, 3, 5, 12, 14, 3, 1, 13, 1, 0, 4, 4, 5, 12, 2, 4, 0, 4, 1, 6, 5, 12, 11, 10, 1, 13, 8, 8, 5, 14, 
>> seq 150
12, 0, 1, 1, 4, 9, 12, 4, 9, 2, 10, 1, 8, 3, 11, 1, 6, 7, 13, 3, 8, 8, 2, 2, 5, 2, 6, 2, 9, 3, 13, 10, 11, 11, 1, 2, 0, 8, 11, 0, 1, 4, 4, 9, 4, 10, 6, 12, 14, 4, 0, 6, 0, 7, 15, 9, 8, 0, 6, 2, 4, 9, 4, 5, 12, 4, 2, 10, 15, 8, 3, 8, 4, 5, 8, 3, 6, 3, 4, 2, 15, 6, 10, 5, 0, 6, 0, 4, 4, 8, 8, 4, 15, 3, 7, 2, 1, 1, 4, 3, 5, 12, 14, 3, 1, 13, 1, 0, 4, 4, 5, 12, 2, 4, 0, 4, 1, 6, 5, 12, 11, 10, 1, 13, 8, 8, 5, 14, 
>> seq 151
5, 0, 1, 1, 4, 9, 12, 4, 9, 2, 10, 1, 8, 3, 11, 1, 6, 7, 13, 3, 2, 8, 2, 2, 5, 2, 6, 2, 9, 3, 13, 10, 11, 11, 1, 2, 0, 8, 11, 0, 1, 14, 4, 9, 4, 10, 6, 12, 14, 4, 0, 6, 0, 7, 15, 9, 8, 0, 6, 2, 4, 9, 4, 5, 12, 4, 2, 10, 15, 8, 3, 8, 4, 5, 8, 3, 6, 3, 4, 2, 15, 6, 10, 5, 0, 6, 0, 4, 4, 8, 8, 4, 15, 3, 7, 2, 1, 1, 4, 3, 5, 12, 14, 3, 1, 13, 1, 0, 4, 4, 5, 12, 2, 4, 0, 4, 1, 6, 5, 12, 11, 10, 8, 13, 8, 8, 5, 14, 
>> seq 152
9, 0, 1, 1, 4, 9, 12, 11, 9, 2, 10, 1, 8, 3, 11, 1, 6, 7, 13, 3, 2, 8, 2, 2, 5, 2, 6, 2, 9, 3, 13, 10, 11, 11, 1, 2, 0, 8, 11, 0, 1, 14, 4, 9, 4, 10, 6, 3, 14, 11, 0, 6, 0, 7, 15, 9, 8, 0, 6, 2, 4, 9, 4, 5, 12, 4, 2, 10, 15, 8, 3, 8, 4, 5, 8, 3, 6, 3, 4, 2, 15, 6, 10, 5, 0, 6, 0, 8, 11, 8, 8, 4, 15, 3, 7, 2, 1, 1, 4, 3, 5, 12, 14, 3, 1, 13, 1, 0, 4, 4, 5, 12, 2, 4, 0, 4, 1, 6, 5, 12, 11, 10, 7, 13, 8, 8, 5, 14, 
>> seq 153
9, 0, 1, 1, 4, 9, 12, 11, 9, 2, 10, 1, 8, 3, 11, 1, 6, 7, 13, 3, 2, 8, 2, 2, 5, 2, 6, 2, 9, 3, 13, 10, 11, 11, 1, 2, 0, 8, 11, 0, 1, 14, 4, 0, 4, 10, 6, 3, 14, 11, 0, 6, 0, 7, 15, 9, 8, 0, 6, 2, 4, 9, 4, 5, 12, 4, 2, 10, 15, 8, 5, 8, 4, 5, 8, 3, 6, 3, 4, 2, 15, 6, 10, 5, 0, 6, 0, 8, 11, 8, 8, 4, 15, 3, 7, 2, 1, 1, 4, 3, 5, 12, 14, 3, 1, 13, 4, 0, 4, 4, 5, 12, 2, 4, 0, 4, 1, 6, 5, 12, 11, 10, 7, 13, 8, 8, 5, 14, 
>> seq 154
9, 0, 1, 1, 4, 9, 12, 11, 9, 2, 10, 1, 8, 3, 11, 1, 6, 7, 13, 3, 8, 8, 2, 2, 5, 2, 6, 2, 9, 3, 13, 10, 11, 11, 1, 2, 0, 8, 11, 0, 1, 14, 4, 0, 4, 10, 6, 12, 14, 11, 0, 6, 0, 7, 15, 9, 8, 0, 6, 2, 4, 9, 4, 5, 12, 4, 2, 10, 15, 8, 3, 8, 4, 5, 8, 3, 6, 3, 4, 2, 15, 6, 3, 5, 0, 6, 0, 4, 11, 8, 8, 4, 15, 3, 7, 2, 1, 1, 4, 3, 5, 12, 14, 3, 1, 13, 4, 0, 4, 4, 5, 12, 2, 4, 0, 4, 1, 6, 5, 12, 11, 10, 1, 13, 2, 8, 5, 14, 
>> seq 155
9, 0, 1, 1, 4, 9, 12, 11, 9, 2, 10, 1, 8, 3, 11, 1, 6, 7, 13, 3, 8, 8, 2, 2, 5, 2, 6, 2, 9, 3, 13, 10, 11, 11, 1, 2, 0, 8, 11, 0, 1, 14, 4, 0, 4, 10, 6, 3, 14, 11, 0, 6, 0, 7, 15, 9, 8, 0, 6, 2, 4, 9, 4, 5, 12, 4, 2, 10, 15, 8, 3, 8, 4, 5, 8, 3, 6, 3, 4, 2, 15, 6, 3, 5, 0, 6, 0, 8, 11, 8, 8, 4, 15, 3, 7, 2, 1, 1, 4, 3, 5, 12, 14, 3, 1, 13, 4, 0, 4, 4, 5, 12, 2, 4, 0, 4, 1, 6, 5, 12, 11, 10, 1, 13, 8, 8, 5, 14, 
>> seq 156
9, 0, 1, 1, 4, 9, 12, 11, 9, 2, 10, 1, 8, 3, 11, 1, 6, 7, 13, 3, 8, 8, 2, 2, 5, 2, 6, 2, 9, 3, 13, 10, 11, 11, 1, 2, 0, 8, 11, 0, 1, 4, 4, 0, 4, 10, 6, 3, 14, 11, 0, 6, 0, 7, 15, 9, 8, 0, 6, 2, 4, 9, 4, 5, 12, 4, 2, 10, 15, 8, 3, 8, 4, 5, 8, 3, 6, 3, 4, 2, 15, 6, 10, 5, 0, 6, 0, 8, 11, 8, 8, 4, 15, 3, 7, 2, 1, 1, 4, 3, 5, 12, 14, 3, 1, 13, 4, 0, 4, 4, 5, 12, 2, 4, 0, 4, 1, 6, 5, 12, 11, 10, 1, 13, 8, 8, 5, 14, 
>> seq 157
9, 0, 1, 1, 4, 9, 12, 11, 9, 2, 10, 1, 8, 3, 11, 1, 6, 7, 13, 3, 8, 8, 2, 2, 5, 2, 6, 2, 9, 3, 13, 10, 11, 11, 1, 2, 0, 8, 11, 0, 1, 4, 4, 0, 4, 10, 6, 3, 14, 11, 0, 6, 0, 7, 15, 9, 8, 0, 6, 2, 4, 9, 4, 5, 12, 4, 2, 10, 15, 8, 3, 8, 4, 5, 8, 3, 6, 3, 4, 2, 15, 6, 10, 5, 0, 6, 0, 8, 11, 8, 8, 4, 15, 3, 7, 2, 1, 1, 4, 3, 5, 12, 14, 3, 1, 13, 4, 0, 4, 4, 5, 12, 2, 4, 0, 4, 1, 6, 5, 12, 11, 10, 1, 13, 8, 8, 5, 14, 
>> seq 158
5, 0, 1, 1, 4, 9, 12, 11, 9, 2, 10, 1, 8, 3, 11, 1, 6, 7, 13, 3, 8, 8, 2, 2, 5, 2, 6, 2, 9, 3, 13, 10, 11, 11, 1, 2, 0, 8, 11, 0, 1, 14, 4, 0, 4, 10, 6, 3, 14, 11, 0, 6, 0, 7, 15, 9, 8, 0, 6, 2, 4, 9, 4, 5, 12, 4, 2, 10, 15, 8, 3, 8, 4, 5, 8, 3, 6, 3, 4, 2, 15, 6, 10, 5, 0, 6, 0, 8, 11, 8, 8, 4, 15, 3, 7, 2, 1, 1, 4, 3, 5, 12, 14, 3, 1, 13, 4, 0, 4, 4, 5, 12, 2, 4, 0, 4, 1, 6, 5, 12, 11, 10, 7, 13, 8, 8, 5, 14, 
>> seq 159
5, 0, 1, 1, 4, 9, 12, 11, 9, 2, 10, 1, 8, 3, 11, 1, 6, 7, 13, 3, 8, 8, 2, 2, 5, 2, 6, 2, 9, 3, 13, 10, 11, 11, 1, 2, 0, 8, 11, 0, 1, 14, 4, 0, 4, 10, 6, 3, 14, 11, 0, 6, 0, 7, 15, 9, 8, 0, 6, 2, 4, 11, 4, 5, 12, 4, 2, 10, 15, 8, 3, 8, 4, 5, 8, 3, 6, 3, 4, 2, 15, 6, 10, 5, 0, 6, 0, 8, 11, 8, 8, 4, 15, 3, 7, 2, 5, 1, 4, 3, 5, 12, 14, 3, 1, 13, 4, 0, 4, 4, 5, 12, 2, 4, 0, 4, 1, 6, 5, 12, 11, 10, 7, 13, 8, 8, 5, 14, 
>> seq 160
5, 0, 1, 1, 4, 9, 12, 11, 9, 2, 10, 1, 8, 3, 11, 1, 6, 7, 13, 3, 8, 8, 2, 2, 5, 2, 6, 2, 9, 3, 13, 10, 11, 11, 1, 2, 0, 8, 11, 0, 1, 14, 4, 0, 4, 10, 6, 3, 14, 11, 0, 6, 0, 7, 15, 9, 8, 0, 6, 2, 4, 9, 4, 5, 12, 4, 2, 10, 15, 8, 3, 8, 4, 5, 8, 3, 6, 3, 4, 2, 15, 6, 10, 5, 0, 6, 0, 8, 11, 8, 8, 4, 15, 3, 7, 2, 5, 1, 4, 3, 5, 12, 14, 3, 1, 13, 4, 0, 4, 4, 5, 12, 2, 4, 0, 4, 1, 6, 5, 12, 11, 10, 1, 13, 8, 8, 5, 14, 
>> seq 161
5, 0, 1, 1, 4, 9, 12, 11, 9, 2, 10, 1, 8, 3, 11, 1, 6, 7, 13, 3, 8, 8, 2, 2, 5, 2, 6, 2, 9, 3, 13, 10, 11, 11, 1, 2, 0, 8, 11, 0, 1, 14, 4, 0, 4, 10, 6, 3, 14, 11, 0, 6, 0, 7, 15, 9, 8, 0, 6, 2, 4, 9, 4, 5, 12, 4, 2, 10, 15, 8, 3, 8, 4, 5, 8, 3, 6, 3, 4, 2, 15, 6, 10, 5, 0, 6, 0, 4, 11, 8, 8, 4, 15, 3, 7, 2, 5, 1, 4, 3, 5, 12, 14, 3, 1, 13, 4, 0, 4, 4, 5, 12, 2, 4, 0, 4, 1, 6, 5, 12, 11, 10, 1, 13, 2, 8, 5, 14, 
>> seq 162
5, 0, 1, 1, 4, 9, 12, 11, 9, 2, 10, 1, 8, 3, 11, 1, 6, 7, 13, 3, 8, 8, 2, 2, 5, 2, 6, 2, 9, 3, 13, 10, 11, 11, 1, 2, 0, 8, 11, 0, 1, 14, 4, 0, 4, 10, 6, 3, 14, 11, 0, 6, 0, 7, 15, 9, 8, 0, 6, 2, 4, 9, 4, 5, 12, 4, 2, 10, 15, 8, 3, 8, 4, 5, 8, 3, 6, 3, 4, 2, 15, 6, 10, 5, 0, 6, 0, 8, 11, 8, 8, 4, 15, 3, 7, 2, 1, 1, 4, 3, 5, 12, 14, 3, 1, 13, 4, 0, 4, 4, 5, 12, 2, 4, 0, 4, 1, 6, 5, 12, 11, 10, 1, 13, 8, 8, 5, 14, 
>> seq 163
5, 0, 1, 1, 4, 9, 12, 11, 9, 2, 10, 1, 8, 3, 11, 1, 6, 1, 13, 3, 8, 8, 2, 2, 5, 2, 6, 2, 9, 3, 13, 10, 11, 11, 1, 2, 0, 8, 11, 0, 1, 4, 4, 0, 4, 10, 6, 3, 14, 11, 0, 6, 0, 12, 15, 9, 8, 0, 6, 2, 4, 9, 4, 5, 12, 4, 2, 10, 15, 8, 3, 8, 4, 5, 8, 3, 6, 3, 4, 2, 15, 6, 10, 5, 0, 6, 0, 8, 11, 8, 8, 4, 15, 3, 7, 2, 1, 1, 4, 3, 5, 12, 14, 3, 1, 13, 4, 0, 4, 4, 5, 12, 2, 4, 0, 4, 1, 6, 5, 12, 11, 10, 1, 13, 8, 8, 5, 14, 
>> seq 164
5, 0, 1, 1, 4, 9, 12, 11, 9, 2, 10, 1, 8, 3, 11, 1, 6, 1, 13, 3, 8, 8, 2, 2, 5, 2, 6, 2, 9, 3, 13, 10, 11, 11, 1, 2, 0, 8, 11, 0, 1, 14, 4, 0, 4, 10, 6, 3, 14, 11, 0, 6, 0, 7, 15, 9, 8, 0, 6, 2, 4, 9, 4, 5, 12, 4, 2, 10, 15, 8, 3, 8, 4, 5, 8, 3, 6, 3, 4, 2, 15, 6, 10, 5, 0, 6, 0, 8, 11, 8, 8, 4, 15, 3, 7, 2, 5, 1, 4, 3, 5, 12, 14, 3, 1, 13, 4, 0, 4, 4, 5, 12, 2, 4, 0, 4, 1, 6, 5, 12, 11, 10, 1, 13, 8, 8, 5, 14, 
>> seq 165
5, 0, 1, 1, 4, 9, 12, 11, 9, 2, 10, 1, 8, 3, 11, 1, 6, 1, 13, 3, 8, 8, 2, 2, 5, 2, 6, 2, 9, 3, 13, 10, 11, 11, 1, 2, 0, 8, 11, 0, 1, 14, 4, 0, 4, 10, 6, 3, 14, 11, 0, 6, 0, 7, 15, 9, 8, 0, 6, 2, 4, 9, 4, 5, 12, 4, 2, 10, 15, 8, 3, 8, 4, 5, 8, 3, 6, 3, 4, 2, 15, 6, 10, 5, 0, 6, 0, 8, 11, 8, 8, 4, 15, 3, 7, 2, 5, 1, 4, 3, 5, 12, 14, 3, 1, 13, 4, 0, 4, 4, 5, 12, 2, 4, 0, 4, 1, 6, 5, 12, 11, 10, 1, 13, 8, 8, 5, 14, 
>> seq 166
5, 0, 1, 1, 4, 9, 12, 11, 9, 2, 10, 1, 8, 3, 13, 15, 6, 1, 13, 3, 8, 8, 2, 2, 5, 2, 6, 2, 9, 3, 13, 10, 11, 11, 1, 2, 0, 8, 11, 0, 1, 14, 4, 0, 4, 10, 6, 3, 14, 11, 0, 6, 0, 12, 15, 9, 8, 0, 6, 2, 4, 9, 4, 5, 12, 4, 2, 10, 15, 8, 3, 8, 4, 5, 8, 3, 6, 3, 4, 2, 15, 6, 10, 5, 0, 6, 0, 4, 11, 8, 8, 4, 15, 3, 7, 2, 5, 1, 4, 3, 5, 12, 14, 3, 1, 11, 4, 0, 4, 4, 5, 12, 2, 4, 0, 4, 1, 6, 5, 12, 11, 11, 1, 13, 2, 8, 5, 14, 
>> seq 167
5, 0, 1, 1, 4, 9, 12, 11, 9, 2, 10, 1, 7, 3, 13, 1, 6, 1, 13, 3, 0, 8, 2, 2, 10, 2, 6, 2, 9, 3, 13, 10, 11, 11, 1, 2, 0, 8, 11, 0, 10, 4, 4, 0, 4, 10, 6, 3, 14, 11, 0, 6, 0, 12, 15, 9, 8, 0, 6, 2, 4, 9, 4, 5, 12, 4, 2, 10, 15, 1, 3, 8, 4, 5, 8, 3, 6, 3, 4, 2, 15, 6, 10, 5, 0, 6, 0, 4, 11, 8, 8, 4, 15, 3, 7, 2, 5, 1, 4, 3, 5, 12, 14, 3, 1, 11, 4, 0, 4, 4, 5, 12, 2, 4, 0, 4, 1, 6, 5, 12, 11, 11, 1, 13, 2, 8, 5, 14, 
>> seq 168
9, 0, 1, 1, 4, 9, 12, 11, 9, 2, 10, 1, 7, 3, 13, 15, 6, 1, 13, 3, 0, 8, 2, 2, 10, 2, 6, 2, 9, 3, 13, 10, 11, 11, 1, 2, 0, 8, 11, 0, 10, 4, 4, 0, 4, 10, 6, 3, 14, 11, 0, 6, 0, 12, 15, 9, 8, 0, 6, 2, 4, 9, 4, 5, 12, 4, 2, 10, 15, 1, 3, 8, 4, 5, 8, 3, 6, 3, 4, 2, 15, 6, 10, 5, 0, 6, 0, 4, 11, 8, 8, 4, 15, 3, 7, 2, 5, 1, 4, 3, 5, 12, 14, 3, 1, 11, 4, 0, 4, 4, 5, 12, 2, 4, 0, 4, 1, 6, 5, 12, 11, 11, 1, 13, 2, 8, 5, 14, 
>> seq 169
9, 0, 1, 1, 4, 9, 12, 11, 9, 2, 10, 1, 7, 3, 13, 1, 6, 1, 13, 3, 0, 8, 2, 2, 10, 2, 6, 2, 9, 3, 13, 10, 11, 11, 1, 2, 0, 8, 11, 0, 10, 4, 4, 0, 4, 10, 6, 3, 14, 11, 0, 6, 0, 12, 15, 9, 8, 0, 6, 2, 4, 9, 4, 5, 12, 4, 2, 10, 15, 1, 3, 6, 4, 5, 8, 3, 6, 3, 4, 2, 15, 6, 10, 5, 0, 6, 0, 4, 11, 8, 8, 4, 15, 3, 7, 2, 5, 1, 4, 3, 5, 12, 14, 3, 1, 11, 4, 0, 4, 4, 5, 12, 2, 4, 0, 4, 1, 6, 5, 12, 11, 11, 1, 13, 2, 8, 5, 14, 
>> seq 170
9, 0, 1, 1, 4, 9, 12, 11, 9, 2, 10, 1, 7, 3, 13, 1, 6, 1, 13, 3, 0, 8, 2, 2, 10, 2, 6, 2, 9, 3, 13, 10, 11, 11, 1, 2, 0, 8, 11, 0, 10, 4, 4, 0, 4, 10, 6, 3, 14, 11, 0, 6, 0, 12, 15, 9, 8, 0, 6, 2, 4, 9, 4, 5, 12, 4, 2, 10, 15, 1, 3, 8, 4, 5, 8, 3, 6, 3, 4, 2, 15, 6, 10, 5, 0, 6, 0, 4, 11, 8, 8, 4, 15, 3, 7, 2, 5, 1, 4, 3, 5, 12, 14, 3, 1, 11, 4, 0, 4, 4, 5, 12, 2, 4, 0, 4, 1, 6, 5, 12, 11, 11, 1, 13, 2, 8, 5, 14, 
>> seq 171
9, 0, 1, 1, 4, 9, 12, 4, 9, 2, 10, 1, 7, 3, 13, 1, 6, 1, 13, 3, 0, 8, 2, 2, 5, 2, 6, 2, 9, 3, 13, 10, 11, 11, 1, 2, 0, 8, 11, 0, 1, 4, 4, 0, 4, 10, 6, 3, 14, 4, 0, 6, 0, 7, 15, 9, 8, 0, 13, 2, 4, 9, 4, 5, 12, 4, 2, 10, 15, 1, 3, 8, 4, 5, 8, 3, 6, 3, 4, 2, 15, 6, 10, 5, 0, 6, 0, 13, 4, 14, 8, 4, 15, 3, 7, 2, 5, 1, 4, 3, 5, 12, 14, 3, 1, 11, 4, 0, 4, 4, 5, 12, 2, 4, 0, 4, 1, 6, 5, 12, 11, 11, 1, 13, 13, 8, 5, 14, 
>> seq 172
9, 0, 1, 1, 4, 9, 12, 4, 9, 2, 10, 1, 7, 3, 13, 1, 6, 1, 13, 8, 0, 8, 2, 2, 10, 2, 6, 2, 9, 3, 13, 10, 11, 11, 1, 2, 0, 8, 11, 0, 10, 4, 4, 0, 4, 10, 6, 3, 14, 4, 0, 6, 0, 7, 15, 9, 8, 0, 11, 2, 4, 9, 4, 5, 12, 4, 2, 10, 15, 1, 3, 8, 4, 5, 8, 3, 6, 3, 4, 2, 15, 6, 10, 5, 0, 6, 0, 13, 4, 14, 8, 4, 15, 3, 7, 2, 5, 1, 4, 0, 5, 12, 14, 3, 1, 11, 4, 0, 4, 4, 5, 12, 2, 4, 0, 4, 1, 6, 5, 12, 11, 11, 1, 13, 13, 8, 5, 14, 
>> seq 173
9, 0, 1, 1, 4, 9, 12, 4, 9, 2, 10, 1, 7, 3, 13, 1, 6, 1, 13, 3, 0, 8, 2, 2, 10, 2, 6, 2, 9, 3, 13, 10, 11, 11, 1, 2, 0, 8, 11, 0, 10, 4, 4, 0, 4, 10, 6, 3, 14, 4, 0, 6, 0, 7, 15, 9, 8, 0, 11, 2, 4, 9, 4, 5, 12, 4, 2, 10, 15, 1, 3, 8, 4, 5, 8, 3, 6, 3, 4, 2, 15, 6, 10, 5, 0, 6, 0, 13, 4, 14, 8, 4, 15, 3, 7, 2, 5, 1, 4, 3, 5, 12, 14, 3, 1, 11, 4, 0, 4, 4, 5, 12, 2, 4, 0, 4, 1, 6, 5, 12, 11, 11, 1, 13, 13, 8, 5, 14, 
>> seq 174
9, 0, 1, 1, 4, 9, 12, 4, 9, 2, 10, 1, 7, 3, 13, 1, 6, 1, 13, 3, 0, 8, 2, 2, 10, 2, 6, 2, 9, 3, 13, 10, 11, 11, 1, 2, 0, 8, 11, 0, 10, 4, 4, 0, 4, 10, 6, 3, 14, 4, 0, 6, 0, 7, 15, 9, 8, 0, 11, 2, 4, 9, 4, 5, 12, 4, 2, 10, 15, 1, 3, 8, 4, 5, 8, 3, 6, 3, 4, 2, 15, 6, 10, 5, 0, 6, 0, 13, 4, 14, 8, 4, 15, 3, 7, 2, 5, 1, 4, 3, 5, 12, 14, 3, 1, 11, 4, 0, 4, 4, 5, 12, 2, 4, 0, 4, 1, 6, 5, 12, 11, 11, 1, 13, 13, 8, 5, 14, 
>> seq 175
9, 0, 1, 1, 4, 9, 12, 11, 9, 2, 10, 1, 7, 3, 13, 15, 6, 1, 13, 8, 0, 8, 2, 2, 10, 2, 6, 2, 9, 3, 13, 10, 11, 11, 1, 2, 0, 8, 11, 0, 10, 14, 4, 0, 4, 10, 6, 3, 14, 11, 0, 6, 0, 7, 15, 9, 8, 0, 11, 2, 4, 9, 4, 5, 12, 4, 2, 10, 15, 1, 3, 8, 4, 5, 8, 3, 6, 3, 4, 2, 15, 6, 10, 5, 0, 6, 0, 4, 11, 9, 8, 4, 15, 3, 9, 2, 5, 1, 4, 0, 5, 12, 14, 3, 1, 11, 4, 0, 4, 4, 5, 12, 2, 4, 0, 4, 1, 6, 5, 12, 11, 11, 1, 13, 2, 8, 5, 14, 
>> seq 176
9, 0, 11, 1, 4, 9, 12, 11, 9, 2, 10, 1, 7, 3, 13, 15, 6, 1, 13, 8, 0, 8, 2, 2, 5, 2, 6, 2, 9, 3, 13, 10, 11, 11, 1, 2, 0, 8, 11, 0, 1, 14, 4, 0, 4, 10, 6, 3, 14, 11, 0, 6, 0, 7, 15, 9, 8, 0, 11, 2, 4, 9, 4, 5, 12, 4, 2, 10, 15, 1, 3, 6, 4, 5, 8, 3, 6, 3, 4, 2, 15, 6, 10, 5, 0, 6, 0, 4, 11, 9, 8, 4, 15, 3, 9, 2, 5, 1, 4, 0, 5, 12, 14, 3, 1, 11, 4, 0, 4, 4, 5, 12, 2, 4, 0, 4, 1, 6, 5, 12, 11, 11, 1, 13, 2, 8, 5, 14, 
>> seq 177
9, 0, 11, 1, 4, 9, 12, 11, 9, 2, 10, 1, 7, 3, 13, 1, 6, 1, 13, 8, 0, 8, 2, 2, 5, 2, 6, 2, 9, 3, 13, 10, 11, 11, 1, 2, 0, 8, 11, 0, 1, 14, 4, 0, 4, 10, 6, 3, 14, 11, 0, 6, 0, 7, 15, 9, 8, 0, 11, 2, 4, 9, 4, 5, 12, 4, 2, 10, 15, 1, 3, 6, 4, 5, 8, 3, 6, 3, 4, 2, 15, 6, 10, 5, 0, 6, 0, 4, 11, 9, 8, 4, 15, 3, 9, 2, 5, 1, 4, 0, 5, 12, 14, 3, 1, 11, 4, 0, 4, 4, 5, 12, 2, 4, 0, 4, 1, 6, 5, 12, 11, 11, 1, 13, 2, 8, 5, 14, 
>> seq 178
9, 0, 11, 1, 4, 9, 12, 4, 9, 2, 10, 1, 7, 3, 13, 1, 6, 1, 13, 8, 0, 8, 2, 2, 5, 2, 6, 2, 9, 3, 13, 10, 11, 11, 1, 2, 0, 8, 11, 0, 1, 4, 4, 0, 4, 10, 6, 3, 14, 4, 0, 6, 0, 7, 15, 9, 8, 0, 11, 2, 4, 9, 4, 5, 12, 4, 2, 10, 15, 1, 3, 6, 4, 5, 8, 3, 6, 3, 4, 2, 15, 6, 10, 5, 0, 6, 0, 13, 4, 9, 8, 4, 15, 3, 9, 2, 5, 1, 4, 0, 5, 12, 14, 3, 1, 11, 4, 0, 4, 4, 5, 12, 2, 4, 0, 4, 1, 6, 5, 12, 11, 11, 1, 13, 13, 8, 5, 14, 
>> seq 179
9, 0, 11, 1, 4, 9, 12, 4, 9, 2, 10, 1, 7, 3, 13, 1, 6, 1, 13, 8, 0, 8, 2, 2, 10, 2, 6, 2, 9, 3, 13, 10, 11, 11, 1, 2, 0, 8, 11, 0, 10, 4, 4, 0, 4, 10, 6, 3, 14, 4, 0, 6, 0, 7, 15, 9, 8, 0, 11, 2, 4, 9, 4, 5, 12, 4, 2, 10, 15, 1, 3, 6, 4, 5, 8, 3, 6, 3, 4, 2, 15, 6, 10, 5, 0, 6, 0, 13, 4, 14, 8, 4, 15, 3, 7, 2, 5, 1, 4, 0, 5, 12, 14, 3, 1, 11, 4, 0, 4, 4, 5, 12, 2, 4, 0, 4, 1, 6, 5, 12, 11, 11, 1, 13, 13, 8, 5, 14, 
>> seq 180
9, 0, 11, 1, 4, 9, 12, 4, 9, 2, 10, 1, 7, 3, 13, 1, 6, 1, 13, 8, 0, 8, 2, 2, 10, 2, 6, 2, 9, 3, 13, 10, 11, 11, 1, 2, 0, 8, 11, 0, 10, 4, 4, 0, 4, 10, 6, 3, 14, 4, 0, 6, 0, 12, 15, 9, 8, 0, 11, 2, 4, 9, 4, 5, 12, 4, 2, 10, 15, 1, 3, 6, 4, 5, 8, 3, 6, 3, 4, 2, 15, 6, 10, 5, 0, 6, 0, 13, 4, 9, 8, 4, 15, 3, 9, 2, 5, 1, 4, 0, 5, 12, 14, 3, 1, 11, 4, 0, 4, 4, 5, 12, 2, 4, 0, 4, 1, 6, 5, 12, 11, 11, 1, 13, 13, 8, 5, 4, 
>> seq 181
9, 0, 11, 1, 4, 9, 12, 4, 9, 2, 10, 1, 7, 3, 13, 1, 6, 1, 13, 8, 0, 8, 2, 2, 10, 2, 6, 2, 9, 3, 13, 10, 11, 11, 1, 2, 0, 8, 11, 0, 10, 4, 4, 0, 4, 10, 6, 3, 14, 4, 0, 6, 0, 12, 15, 9, 8, 0, 11, 2, 4, 9, 4, 5, 12, 4, 2, 10, 15, 1, 3, 6, 4, 5, 8, 3, 6, 3, 4, 2, 15, 6, 10, 5, 0, 6, 0, 13, 4, 14, 8, 4, 15, 3, 7, 2, 5, 1, 4, 0, 5, 12, 14, 3, 1, 11, 4, 0, 4, 4, 5, 12, 2, 4, 0, 4, 1, 6, 5, 12, 11, 11, 1, 13, 13, 8, 5, 4, 
>> seq 182
9, 0, 11, 1, 4, 9, 12, 4, 9, 2, 10, 1, 7, 3, 13, 1, 6, 1, 13, 8, 0, 8, 2, 2, 10, 2, 6, 2, 9, 3, 13, 10, 11, 11, 1, 2, 0, 8, 11, 0, 10, 14, 4, 0, 4, 10, 6, 3, 14, 4, 0, 6, 0, 7, 11, 9, 8, 0, 11, 2, 4, 9, 4, 5, 12, 4, 2, 10, 15, 1, 3, 6, 4, 5, 8, 3, 6, 3, 4, 2, 6, 6, 10, 5, 0, 6, 0, 13, 4, 9, 8, 4, 15, 3, 9, 2, 5, 1, 4, 0, 5, 12, 14, 3, 1, 11, 4, 0, 4, 4, 5, 12, 2, 4, 0, 4, 1, 6, 5, 12, 11, 11, 1, 13, 13, 8, 5, 4, 
>> seq 183
9, 0, 11, 1, 4, 9, 12, 4, 9, 2, 10, 1, 7, 3, 13, 1, 6, 7, 13, 8, 2, 8, 2, 2, 10, 2, 6, 2, 9, 3, 13, 10, 11, 11, 1, 2, 0, 8, 11, 0, 10, 4, 4, 0, 4, 10, 6, 3, 14, 4, 0, 6, 0, 7, 11, 9, 8, 0, 11, 2, 4, 9, 4, 5, 12, 4, 2, 10, 15, 1, 9, 8, 4, 5, 8, 3, 6, 10, 4, 2, 13, 6, 10, 5, 0, 6, 0, 13, 4, 9, 8, 4, 15, 3, 9, 2, 1, 1, 4, 0, 5, 12, 14, 8, 1, 11, 4, 0, 4, 4, 5, 12, 2, 4, 0, 4, 1, 6, 5, 12, 11, 11, 1, 13, 13, 8, 5, 4, 
>> seq 184
9, 0, 11, 1, 4, 9, 12, 4, 9, 2, 10, 1, 7, 3, 13, 1, 6, 7, 13, 8, 2, 8, 2, 2, 10, 2, 6, 2, 9, 3, 13, 10, 11, 11, 1, 2, 0, 8, 11, 0, 10, 4, 4, 0, 4, 10, 6, 3, 14, 4, 0, 6, 0, 7, 11, 9, 8, 0, 11, 2, 4, 9, 4, 5, 12, 4, 2, 10, 15, 1, 9, 8, 4, 5, 8, 3, 6, 10, 4, 2, 13, 6, 10, 5, 0, 6, 0, 13, 4, 9, 8, 4, 15, 3, 9, 2, 1, 1, 4, 0, 5, 12, 14, 8, 1, 11, 4, 0, 4, 4, 5, 12, 2, 4, 0, 4, 1, 6, 5, 12, 11, 11, 1, 13, 13, 2, 5, 4, 
>> seq 185
9, 0, 11, 1, 4, 9, 12, 4, 9, 2, 10, 1, 7, 3, 13, 1, 6, 7, 13, 8, 2, 8, 2, 2, 10, 2, 6, 2, 9, 3, 13, 10, 11, 11, 1, 2, 0, 8, 11, 13, 10, 4, 4, 0, 4, 10, 6, 3, 14, 4, 0, 6, 0, 7, 11, 9, 8, 0, 11, 2, 4, 9, 4, 5, 12, 4, 2, 10, 15, 1, 13, 8, 4, 5, 8, 3, 6, 10, 4, 2, 13, 6, 10, 5, 0, 6, 0, 13, 4, 9, 8, 4, 15, 3, 9, 2, 1, 1, 4, 0, 5, 12, 14, 8, 1, 11, 4, 0, 4, 4, 5, 12, 2, 4, 0, 4, 1, 6, 5, 12, 11, 11, 7, 13, 13, 2, 5, 4, 
>> seq 186
9, 0, 11, 1, 4, 9, 12, 4, 9, 2, 10, 1, 7, 3, 13, 1, 6, 7, 13, 8, 0, 8, 2, 2, 10, 2, 6, 2, 9, 3, 13, 10, 11, 11, 1, 2, 0, 8, 11, 0, 10, 4, 4, 13, 4, 10, 6, 3, 14, 4, 0, 6, 0, 7, 11, 9, 8, 0, 11, 2, 4, 9, 4, 5, 12, 4, 2, 10, 15, 1, 9, 8, 4, 5, 8, 3, 6, 10, 4, 2, 13, 6, 10, 5, 0, 6, 0, 13, 4, 9, 8, 4, 15, 3, 9, 2, 1, 1, 4, 0, 5, 12, 14, 8, 1, 11, 1, 0, 4, 4, 5, 12, 2, 4, 0, 4, 1, 6, 5, 12, 11, 11, 7, 13, 13, 8, 5, 4, 
>> seq 187
9, 0, 11, 1, 4, 9, 12, 4, 9, 2, 10, 1, 7, 3, 13, 1, 6, 7, 13, 8, 0, 8, 2, 2, 10, 2, 6, 2, 9, 3, 13, 10, 11, 11, 1, 2, 0, 8, 11, 0, 10, 4, 4, 13, 4, 10, 6, 3, 14, 4, 0, 6, 0, 7, 11, 9, 8, 0, 11, 2, 4, 9, 4, 5, 12, 4, 2, 10, 2, 1, 5, 6, 4, 5, 8, 3, 6, 10, 4, 2, 6, 6, 10, 5, 0, 6, 0, 4, 4, 9, 8, 4, 15, 3, 9, 2, 1, 1, 4, 0, 5, 12, 14, 8, 1, 11, 1, 0, 4, 4, 5, 12, 2, 4, 0, 4, 1, 6, 5, 12, 11, 11, 7, 13, 2, 2, 5, 4, 
>> seq 188
9, 0, 11, 1, 4, 9, 12, 4, 9, 2, 10, 1, 7, 3, 13, 1, 6, 7, 13, 8, 0, 8, 2, 2, 10, 2, 6, 2, 9, 3, 13, 10, 11, 11, 1, 2, 0, 8, 11, 0, 10, 4, 4, 13, 4, 10, 6, 3, 14, 4, 0, 6, 0, 7, 11, 9, 8, 0, 11, 2, 4, 9, 4, 5, 12, 4, 2, 10, 2, 1, 9, 6, 4, 5, 8, 3, 6, 10, 4, 2, 6, 6, 10, 5, 0, 6, 0, 4, 4, 9, 8, 4, 15, 3, 9, 2, 1, 1, 4, 0, 5, 12, 14, 8, 1, 11, 1, 0, 4, 4, 5, 12, 2, 4, 0, 4, 1, 6, 5, 12, 11, 11, 7, 13, 2, 2, 5, 4, 
>> seq 189
9, 0, 1, 1, 4, 9, 12, 4, 9, 2, 10, 1, 7, 3, 11, 1, 6, 7, 13, 8, 0, 8, 2, 2, 5, 2, 6, 2, 9, 3, 13, 10, 11, 11, 1, 2, 0, 8, 11, 0, 1, 14, 4, 13, 4, 10, 6, 3, 14, 4, 0, 6, 0, 7, 0, 9, 8, 0, 11, 2, 4, 9, 4, 5, 12, 4, 2, 10, 2, 1, 9, 6, 4, 5, 8, 3, 6, 10, 4, 2, 6, 6, 10, 5, 0, 6, 0, 4, 4, 9, 8, 4, 15, 3, 9, 2, 1, 1, 4, 0, 5, 12, 14, 8, 1, 11, 1, 0, 4, 4, 5, 12, 2, 4, 0, 4, 1, 6, 5, 12, 11, 11, 7, 13, 2, 2, 5, 4, 
>> seq 190
9, 0, 11, 1, 4, 9, 12, 4, 9, 2, 10, 1, 7, 3, 11, 1, 6, 7, 13, 8, 0, 8, 2, 2, 5, 2, 6, 2, 9, 3, 13, 10, 11, 11, 1, 2, 0, 8, 11, 0, 1, 14, 4, 13, 4, 10, 6, 3, 14, 4, 0, 6, 0, 7, 11, 9, 8, 0, 11, 2, 4, 9, 4, 5, 12, 4, 2, 10, 2, 1, 9, 8, 4, 5, 8, 3, 6, 10, 4, 2, 13, 6, 10, 5, 0, 6, 0, 4, 4, 9, 8, 4, 15, 3, 9, 2, 1, 1, 4, 0, 5, 12, 14, 8, 1, 11, 1, 0, 4, 4, 5, 12, 2, 4, 0, 4, 1, 6, 5, 12, 11, 11, 7, 13, 2, 2, 5, 4, 
>> seq 191
9, 0, 11, 1, 4, 9, 12, 4, 9, 2, 10, 1, 7, 3, 11, 1, 6, 7, 13, 8, 0, 8, 2, 2, 5, 2, 6, 2, 9, 3, 13, 10, 11, 11, 1, 2, 0, 8, 11, 0, 1, 14, 4, 13, 4, 10, 6, 3, 14, 4, 0, 6, 0, 7, 11, 9, 8, 0, 11, 2, 4, 9, 4, 5, 12, 4, 2, 10, 2, 1, 5, 8, 4, 5, 8, 3, 6, 10, 4, 2, 13, 6, 10, 5, 0, 6, 0, 4, 4, 9, 8, 4, 15, 3, 9, 2, 1, 1, 4, 0, 5, 12, 14, 8, 1, 11, 1, 0, 4, 4, 5, 12, 2, 4, 0, 4, 1, 6, 5, 12, 11, 11, 7, 13, 2, 8, 5, 4, 
>> seq 192
9, 0, 11, 1, 4, 9, 12, 4, 9, 2, 10, 1, 7, 3, 11, 1, 6, 7, 13, 8, 0, 8, 2, 2, 5, 2, 6, 2, 9, 3, 13, 10, 11, 11, 1, 2, 0, 8, 11, 0, 1, 14, 4, 13, 4, 10, 6, 3, 14, 4, 0, 6, 0, 7, 11, 9, 8, 0, 11, 2, 4, 9, 4, 5, 12, 4, 2, 10, 2, 1, 5, 8, 4, 5, 8, 3, 6, 10, 4, 2, 13, 6, 10, 5, 0, 6, 0, 4, 4, 9, 8, 4, 15, 3, 9, 2, 1, 1, 4, 0, 5, 12, 14, 8, 1, 11, 4, 0, 4, 4, 5, 12, 2, 4, 0, 4, 1, 6, 5, 12, 11, 11, 7, 13, 2, 8, 5, 4, 
>> seq 193
9, 0, 11, 1, 4, 9, 12, 4, 9, 2, 10, 1, 7, 3, 11, 1, 6, 7, 13, 8, 0, 8, 2, 2, 5, 2, 6, 2, 9, 3, 13, 10, 11, 11, 1, 2, 0, 8, 11, 0, 1, 14, 4, 13, 4, 10, 6, 12, 14, 4, 0, 6, 0, 7, 11, 9, 8, 0, 11, 2, 4, 9, 4, 5, 12, 4, 2, 10, 2, 1, 5, 8, 4, 5, 8, 3, 6, 3, 4, 2, 13, 6, 10, 5, 0, 6, 0, 4, 4, 9, 8, 4, 15, 3, 9, 2, 5, 1, 4, 0, 5, 12, 14, 3, 1, 11, 4, 0, 4, 4, 5, 12, 2, 4, 0, 4, 1, 6, 5, 12, 11, 11, 7, 13, 2, 8, 5, 14, 
>> seq 194
9, 0, 1, 1, 4, 9, 12, 11, 9, 2, 10, 1, 7, 3, 11, 1, 6, 7, 13, 8, 0, 8, 2, 2, 5, 2, 6, 2, 9, 3, 13, 10, 11, 11, 1, 2, 0, 8, 11, 0, 1, 14, 4, 13, 4, 10, 6, 12, 14, 11, 0, 6, 0, 7, 0, 9, 8, 0, 11, 14, 7, 9, 4, 5, 12, 4, 2, 10, 2, 1, 5, 6, 4, 5, 8, 3, 6, 3, 4, 2, 6, 6, 10, 5, 0, 6, 0, 4, 11, 9, 8, 14, 15, 3, 9, 2, 1, 1, 4, 0, 5, 12, 14, 3, 1, 11, 4, 0, 4, 4, 5, 12, 2, 4, 0, 4, 1, 6, 5, 12, 11, 11, 7, 13, 2, 8, 5, 14, 
>> seq 195
9, 0, 1, 1, 4, 9, 12, 11, 9, 2, 10, 1, 7, 3, 11, 1, 6, 7, 13, 8, 0, 8, 2, 2, 5, 2, 6, 2, 9, 3, 13, 10, 11, 11, 1, 2, 0, 8, 11, 0, 1, 14, 4, 11, 4, 10, 6, 3, 14, 11, 0, 6, 0, 7, 0, 9, 8, 0, 6, 14, 14, 9, 4, 5, 12, 4, 2, 10, 2, 14, 5, 6, 4, 5, 8, 3, 6, 3, 14, 2, 6, 6, 10, 5, 0, 6, 0, 14, 11, 9, 8, 14, 15, 3, 9, 2, 1, 1, 4, 0, 5, 12, 14, 3, 1, 11, 4, 0, 4, 4, 5, 12, 2, 4, 0, 4, 1, 6, 5, 12, 11, 11, 7, 13, 2, 8, 5, 14, 
>> seq 196
9, 0, 1, 1, 4, 9, 12, 4, 9, 2, 10, 1, 7, 3, 11, 1, 6, 7, 13, 8, 0, 8, 2, 2, 5, 2, 6, 2, 9, 3, 13, 10, 11, 11, 1, 2, 0, 8, 11, 0, 1, 14, 4, 11, 4, 10, 6, 3, 14, 4, 0, 6, 0, 7, 0, 9, 8, 0, 6, 14, 14, 9, 4, 5, 12, 4, 2, 10, 2, 14, 5, 6, 4, 5, 8, 3, 6, 3, 14, 2, 6, 6, 10, 5, 0, 6, 0, 14, 4, 9, 8, 14, 15, 3, 9, 2, 1, 1, 4, 0, 5, 12, 14, 3, 1, 11, 4, 0, 4, 4, 5, 12, 2, 4, 0, 4, 1, 6, 5, 12, 11, 11, 7, 13, 2, 8, 5, 14, 
>> seq 197
9, 0, 1, 1, 4, 9, 12, 4, 9, 2, 10, 1, 7, 3, 11, 1, 6, 7, 13, 8, 0, 8, 2, 2, 5, 2, 6, 2, 9, 3, 13, 10, 11, 11, 1, 2, 0, 8, 11, 0, 1, 14, 4, 11, 4, 10, 6, 3, 14, 4, 0, 6, 0, 7, 0, 9, 8, 0, 6, 14, 14, 9, 4, 5, 12, 4, 2, 10, 2, 14, 5, 6, 4, 5, 8, 3, 6, 3, 14, 2, 6, 6, 10, 5, 0, 6, 0, 14, 4, 9, 8, 14, 15, 3, 9, 2, 1, 1, 4, 0, 5, 12, 14, 3, 1, 11, 1, 0, 4, 4, 5, 12, 2, 4, 0, 4, 1, 6, 5, 12, 11, 11, 7, 13, 2, 8, 5, 4, 
>> seq 198
9, 0, 1, 1, 4, 9, 12, 4, 9, 2, 10, 1, 7, 3, 11, 1, 6, 7, 13, 8, 0, 8, 2, 2, 5, 2, 6, 2, 9, 3, 13, 10, 11, 11, 1, 2, 0, 8, 11, 0, 1, 14, 4, 11, 4, 10, 6, 3, 14, 4, 0, 6, 0, 7, 0, 9, 8, 0, 11, 14, 14, 9, 4, 5, 12, 4, 2, 10, 2, 14, 5, 8, 4, 5, 8, 3, 6, 10, 14, 2, 13, 6, 10, 5, 0, 6, 0, 14, 4, 9, 8, 14, 15, 3, 9, 2, 1, 1, 4, 0, 5, 12, 14, 8, 1, 11, 1, 0, 4, 4, 5, 12, 2, 4, 0, 4, 1, 6, 5, 12, 11, 11, 7, 13, 2, 8, 5, 4, 
>> seq 199
9, 0, 1, 1, 4, 9, 12, 4, 9, 2, 10, 1, 7, 3, 11, 1, 6, 7, 13, 8, 2, 8, 2, 2, 5, 2, 6, 2, 9, 3, 13, 10, 11, 11, 1, 2, 0, 8, 11, 0, 1, 14, 4, 0, 4, 10, 6, 3, 14, 4, 0, 6, 0, 7, 0, 9, 8, 0, 6, 14, 14, 9, 4, 5, 12, 4, 2, 10, 2, 14, 5, 8, 4, 5, 8, 3, 6, 10, 14, 2, 13, 6, 10, 5, 0, 6, 0, 14, 4, 9, 8, 14, 15, 3, 9, 2, 1, 1, 4, 0, 5, 12, 14, 8, 1, 11, 1, 0, 4, 4, 5, 12, 2, 4, 0, 4, 1, 6, 5, 12, 11, 11, 7, 13, 2, 8, 5, 4, 
